[45.5240497, -122.6370634]
[47.2150945, -123.1007066]
[45.4942838, -122.8670454]
[37.68717609999999, -97.33005299999999]
[37.7749295, -122.4194155]
[40.3763701, -104.6921874]
[35.878937, -97.42531849999999]
[33.3061605, -111.8412502]
[38.6802826, -97.6044806]
[40.8076529, -91.1128901]
[41.9572933, -77.4388719]
[37.9577016, -121.2907796]
[28.9541368, -95.35966169999999]
[39.9611755, -82.99879419999999]
[41.6005448, -93.6091064]
[29.95106579999999, -90.0715323]
[45.899401, -108.3015174]
[40.7607793, -111.8910474]
[33.1073435, -92.35668609999999]
[41.0893878, -112.0646657]
[34.5442609, -91.9690284]
[31.7618778, -106.4850217]
[39.684755, -88.30643669999999]
[33.954737, -118.2120161]
[36.1988592, -115.1175013]
[35.0853336, -106.6055534]
[28.9180294, -98.5464068]
[44.9537029, -93.0899578]
[38.3953601, -91.13530200000001]
[36.7682088, -76.2874927]
[40.4128551, -74.307282]
[29.0338575, -95.4343859]
[40.5246711, -111.8638226]
[39.768403, -86.158068]
[39.7294319, -104.8319195]
[44.840798, -93.2982799]
[38.24935809999999, -122.0399663]
[30.7821781, -92.38136209999999]
[32.3665322, -96.1008056]
[37.5482697, -121.9885719]
[35.7478769, -95.3696909]
[34.0522342, -118.2436849]
[32.7554883, -97.3307658]
[33.0581063, -112.0476423]
[37.547597, -82.9259979]
[42.2180724, -70.94103559999999]
[33.4941704, -111.9260519]
[33.7475203, -116.9719684]
[26.534403, -99.154991]
[38.6270025, -90.19940419999999]
[42.8806437, -71.3273346]
[31.1745732, -105.3571764]
[32.5007037, -94.74048909999999]
[30.267153, -97.7430608]
[26.1224386, -80.13731740000001]
[33.5873164, -102.37796]
[32.7554883, -97.3307658]
[43.8231096, -111.7924237]
[39.2903848, -76.6121893]
[38.2544472, -104.6091409]
[39.6573556, -74.8623203]
[39.7392358, -104.990251]
[45.0380201, -93.3866185]
[33.1667601, -101.7937669]
[35.5941238, -119.3409457]
[33.4483771, -112.0740373]
[33.0508859, -109.3280282]
[39.9611755, -82.99879419999999]
[41.2523634, -95.99798829999999]
[33.4520535, -97.76669989999999]
[37.9577016, -121.2907796]
[29.5571825, -95.80856229999999]
[36.1156071, -97.0583681]
[42.9133602, -85.7053085]
[45.7832856, -108.5006904]
[29.7604267, -95.3698028]
[39.3673278, -76.79525249999999]
[43.5944677, -83.8888647]
[40.2653681, -76.7083033]
[34.5008311, -117.1858759]
[38.6270025, -90.19940419999999]
[37.831316, -122.2852473]
[38.0049214, -121.805789]
[31.5088073, -82.8498654]
[30.4382559, -84.28073289999999]
[28.5383355, -81.3792365]
[33.4255104, -111.9400054]
[33.4255104, -111.9400054]
[31.3865592, -97.21555959999999]
[35.1495343, -90.0489801]
[34.0122346, -117.688944]
[35.4675602, -97.5164276]
[34.0039039, -117.0619755]
[35.262082, -81.18730049999999]
[61.2180556, -149.9002778]
[30.267153, -97.7430608]
[41.1475954, -73.989306]
[28.4844995, -81.2518833]
[33.7867684, -97.7258626]
[46.1644547, -68.1203515]
[32.7766642, -96.79698789999999]
[46.2395793, -119.1005657]
[35.0277933, -90.04665589999999]
[39.5727585, -107.5364443]
[37.3382082, -121.8863286]
[32.831238, -85.76356919999999]
[34.1083449, -117.2897652]
[39.114053, -94.6274636]
[40.3356483, -75.9268747]
[35.987286, -88.5745001]
[32.5997933, -110.6309289]
[39.30927430000001, -76.47496199999999]
[27.5305671, -99.48032409999999]
[25.9420377, -80.2456045]
[34.8117565, -88.19004149999999]
[45.1721192, -122.4374803]
[32.436381, -111.2224422]
[43.6187102, -116.2146068]
[40.2338438, -111.6585337]
[35.2895651, -81.20781640000001]
[37.2089572, -93.29229889999999]
[42.5681472, -84.75244819999999]
[42.6106478, -71.23422479999999]
[29.3708857, -100.8958674]
[35.2270869, -80.8431267]
[29.7604267, -95.3698028]
[32.8370727, -97.08195409999999]
[33.4717732, -86.80082279999999]
[33.5206608, -86.80248999999999]
[33.3672525, -105.6588485]
[39.768403, -86.158068]
[28.0344621, -80.5886646]
[40.6084305, -75.4901833]
[41.2523634, -95.99798829999999]
[30.48685639999999, -90.95621249999999]
[33.8595491, -84.683824]
[34.6125971, -83.5248933]
[32.4798575, -86.36191629999999]
[44.51915899999999, -88.019826]
[35.4675602, -97.5164276]
[36.1699412, -115.1398296]
[39.4667034, -87.41390919999999]
[28.0394654, -81.9498042]
[37.7749295, -122.4194155]
[30.3674198, -89.0928155]
[31.5307349, -83.8354542]
[33.7454725, -117.867653]
[34.6423372, -82.4559598]
[42.729993, -84.87763919999999]
[38.6270025, -90.19940419999999]
[32.2217429, -110.926479]
[38.9517053, -92.3340724]
[35.8968236, -77.5358049]
[34.0061091, -113.9536466]
[34.9639824, -89.68925019999999]
[34.0522342, -118.2436849]
[29.7604267, -95.3698028]
[41.525031, -88.0817251]
[38.3606736, -75.5993692]
[33.4255104, -111.9400054]
[28.9005446, -81.26367379999999]
[37.9577016, -121.2907796]
[43.0389025, -87.9064736]
[34.1808392, -118.3089661]
[40.8257625, -96.6851982]
[39.7294319, -104.8319195]
[29.73663329999999, -81.95926349999999]
[43.0730517, -89.4012302]
[33.4483771, -112.0740373]
[35.4675602, -97.5164276]
[39.8006685, -75.4596404]
[33.8365932, -117.9143012]
[35.2334472, -82.7342919]
[40.243578, -109.0145613]
[28.3861159, -80.7419984]
[33.7489954, -84.3879824]
[30.4582829, -91.1403196]
[32.149092, -81.163168]
[34.0633443, -117.6508876]
[41.49932, -81.6943605]
[35.1495343, -90.0489801]
[33.7454725, -117.867653]
[35.189443, -114.0530065]
[34.0522342, -118.2436849]
[30.8829628, -87.7730474]
[33.4053867, -86.8113781]
[39.60677889999999, -75.83327179999999]
[38.9071923, -77.0368707]
[39.0997265, -94.5785667]
[34.0922335, -117.435048]
[37.9100783, -122.0651819]
[38.2975381, -122.286865]
[29.4241219, -98.49362819999999]
[40.3275693, -80.5959065]
[42.5847425, -87.82118539999999]
[31.3815627, -90.3164819]
[44.9537029, -93.0899578]
[35.262082, -81.18730049999999]
[30.805746, -95.1163261]
[38.5815719, -121.4943996]
[42.3265152, -122.8755949]
[34.6568361, -78.726407]
[37.7749295, -122.4194155]
[35.3732921, -119.0187125]
[33.5386523, -112.1859866]
[30.4382559, -84.28073289999999]
[30.3321838, -81.65565099999999]
[49.0001217, -122.2648752]
[35.3732921, -119.0187125]
[34.567428, -87.30161319999999]
[41.49932, -81.6943605]
[43.7068281, -116.6201357]
[36.6039938, -109.0603825]
[29.95106579999999, -90.0715323]
[34.568577, -96.2800864]
[43.193393, -78.06473869999999]
[39.5349663, -87.069919]
[39.9611755, -82.99879419999999]
[34.7391876, -112.0098791]
[38.1040864, -122.2566367]
[45.5230622, -122.6764815]
[40.7298207, -73.2103934]
[37.3541079, -121.9552356]
[43.7730448, -88.4470508]
[36.8354258, -76.2982742]
[37.3382082, -121.8863286]
[33.8839926, -84.51437609999999]
[33.8179432, -79.4492228]
[33.9891116, -118.2914872]
[33.5386523, -112.1859866]
[38.8108408, -94.9271868]
[33.7857948, -118.2643567]
[33.0369867, -117.2919818]
[27.4467056, -80.3256056]
[35.3732921, -119.0187125]
[42.05009099999999, -71.88006279999999]
[34.1975048, -119.1770516]
[39.5031465, -78.76862969999999]
[42.3600825, -71.0588801]
[39.05007, -83.05656789999999]
[37.7030646, -85.8649408]
[44.0520691, -123.0867536]
[35.9782216, -114.8345117]
[28.0507738, -82.4996398]
[29.7355047, -94.97742740000001]
[39.1137602, -76.7267773]
[33.9164032, -118.3525748]
[40.2115109, -74.6796651]
[41.5094771, -90.5787476]
[37.1511655, -88.73199790000001]
[36.1539816, -95.99277500000001]
[31.3224044, -92.4343035]
[39.1856597, -78.1633341]
[42.4461322, -87.83285049999999]
[32.8546197, -79.9748103]
[33.7879139, -117.8531007]
[35.0614358, -106.1914141]
[33.4483771, -112.0740373]
[35.1321877, -118.4489739]
[39.768403, -86.158068]
[29.9035387, -90.0772944]
[43.7640903, -112.2493671]
[35.275439, -97.0068393]
[29.4241219, -98.49362819999999]
[30.8327022, -83.2784851]
[34.0522342, -118.2436849]
[37.36883, -122.0363496]
[35.9436968, -96.2136136]
[30.4109342, -86.91232169999999]
[40.8678171, -86.8789044]
[39.8716058, -77.1735312]
[35.046508, -81.9817726]
[39.9276572, -122.1791556]
[39.0558235, -95.68901849999999]
[36.1398102, -96.108891]
[39.768403, -86.158068]
[35.4675602, -97.5164276]
[35.0154469, -78.5030622]
[38.8906038, -90.1842764]
[32.5896998, -96.8570738]
[35.84229670000001, -90.704279]
[25.7616798, -80.1917902]
[34.9495672, -81.9320482]
[29.7604267, -95.3698028]
[38.9517053, -92.3340724]
[38.4494063, -105.2253316]
[34.0775104, -117.6897776]
[35.5005139, -119.2717761]
[41.8781136, -87.6297982]
[33.7475203, -116.9719684]
[38.7192175, -90.26039030000001]
[33.4483771, -112.0740373]
[30.1588129, -85.6602058]
[37.8620226, -84.6616105]
[41.1448219, -102.9774497]
[26.2159066, -98.32529319999999]
[40.2170534, -74.7429384]
[47.1717649, -122.518458]
[34.0859829, -81.1831513]
[34.0522342, -118.2436849]
[36.8354258, -76.2982742]
[31.4481547, -109.9284084]
[40.7282239, -73.7948516]
[32.7554883, -97.3307658]
[39.9324862, -105.2769348]
[34.3058279, -118.4571974]
[34.1237158, -95.1441197]
[33.7700504, -118.1937395]
[38.5471327, -122.8163802]
[44.0520691, -123.0867536]
[36.8745146, -94.8774554]
[37.1694632, -104.5005407]
[28.8052674, -97.0035982]
[40.7127837, -74.0059413]
[28.5494447, -81.77285429999999]
[35.6826766, -94.7608801]
[36.0988489, -119.8815203]
[33.7090212, -117.9544069]
[42.331427, -83.0457538]
[40.75839, -82.5154471]
[29.95106579999999, -90.0715323]
[37.7306054, -88.9331256]
[35.052565, -97.93643259999999]
[33.4151843, -111.8314724]
[38.4087993, -121.3716178]
[33.7489954, -84.3879824]
[36.6859829, -77.5424809]
[36.1626638, -86.7816016]
[32.715738, -117.1610838]
[31.7618778, -106.4850217]
[39.2998339, -75.6046494]
[40.299403, -109.9887605]
[32.912624, -96.63888329999999]
[32.912624, -96.63888329999999]
[35.0853336, -106.6055534]
[37.3478702, -83.3562912]
[46.2112458, -119.1372338]
[33.9850469, -118.4694832]
[34.0519548, -118.0467339]
[37.0478982, -80.7797935]
[35.9798734, -78.50972279999999]
[33.9562149, -83.9879625]
[41.5048158, -73.9695832]
[33.8583483, -118.0647871]
[33.0570085, -110.9106656]
[43.2644105, -75.94632399999999]
[29.9035387, -90.0772944]
[45.0860765, -93.2632821]
[47.2528768, -122.4442906]
[38.9340002, -76.8966397]
[32.7554883, -97.3307658]
[29.9012437, -81.31243409999999]
[30.3321838, -81.65565099999999]
[21.3069444, -157.8583333]
[33.640171, -117.602832]
[42.2011538, -85.5800022]
[29.9012437, -81.31243409999999]
[42.2711311, -89.0939952]
[38.5815719, -121.4943996]
[41.6100344, -87.6467131]
[32.715738, -117.1610838]
[27.7518284, -82.6267345]
[33.3672525, -105.6588485]
[38.8816208, -77.09098089999999]
[34.974532, -92.0165336]
[39.0638705, -108.5506486]
[40.0378755, -76.3055144]
[40.9458898, -81.4831714]
[37.7719074, -87.1111676]
[44.2910915, -105.5022205]
[41.2523634, -95.99798829999999]
[31.7618778, -106.4850217]
[26.1224386, -80.13731740000001]
[32.8546197, -79.9748103]
[40.8859325, -74.0434736]
[32.7764749, -79.93105120000001]
[40.008411, -79.0780831]
[42.331427, -83.0457538]
[38.7044609, -93.2282613]
[34.1111581, -109.291475]
[30.267153, -97.7430608]
[34.7303688, -86.5861037]
[47.91287560000001, -122.0981847]
[40.7282239, -73.7948516]
[32.5159852, -93.7321228]
[40.4447818, -74.11188349999999]
[35.6528323, -97.47809540000002]
[33.3276362, -83.2187677]
[33.7700504, -118.1937395]
[32.8350521, -116.7664109]
[34.7204257, -80.7709014]
[39.8961821, -104.9811468]
[33.5801103, -85.0766113]
[42.1394858, -83.1782587]
[40.81201710000001, -74.1243063]
[35.6795873, -95.9832577]
[42.382338, -123.4670077]
[34.7391876, -112.0098791]
[36.1626638, -86.7816016]
[42.3265152, -122.8755949]
[31.7621153, -95.6307891]
[43.2097837, -77.6930602]
[42.2832142, -71.1270268]
[32.8951262, -97.5458565]
[35.7688425, -119.2470536]
[34.806166, -106.7333599]
[32.2619765, -96.83509989999999]
[30.4471514, -94.73631519999999]
[40.9601024, -74.7227291]
[34.9530337, -120.4357191]
[39.629526, -79.95589679999999]
[37.8043637, -122.2711137]
[27.044224, -82.2359254]
[36.910231, -121.7568946]
[31.9973456, -102.0779146]
[39.7383163, -104.3232924]
[28.0836269, -80.60810889999999]
[45.9045591, -122.7439912]
[39.7219884, -86.0899847]
[33.8365932, -117.9143012]
[33.5975393, -112.2718239]
[41.04422, -83.6499321]
[30.0971621, -95.6160549]
[39.1031182, -84.5120196]
[41.6005448, -93.6091064]
[40.8447819, -73.8648268]
[26.2378597, -80.1247667]
[35.6150716, -87.0352831]
[25.7616798, -80.1917902]
[29.4200763, -98.5721016]
[40.8859325, -74.0434736]
[40.486427, -86.13360329999999]
[41.079273, -85.1393513]
[38.2526647, -85.7584557]
[32.6492999, -96.7130521]
[37.9577016, -121.2907796]
[28.3861159, -80.7419984]
[38.939926, -119.9771868]
[36.3302284, -119.2920585]
[47.8805328, -98.8208889]
[32.8387371, -86.6294262]
[32.7026116, -103.1360403]
[40.5755438, -73.9707016]
[42.3600825, -71.0588801]
[39.1031182, -84.5120196]
[40.4233142, -104.7091322]
[41.8781136, -87.6297982]
[34.1336186, -117.9075627]
[29.7604267, -95.3698028]
[36.2184669, -80.9411858]
[38.7071247, -121.2810611]
[33.4734978, -82.0105148]
[40.44062479999999, -79.9958864]
[39.768403, -86.158068]
[38.0608445, -97.92977429999999]
[32.7592955, -97.7972544]
[41.2523634, -95.99798829999999]
[37.2103925, -76.3868797]
[39.4195499, -76.7802528]
[36.7468422, -119.7725868]
[44.8486596, -74.29489830000001]
[29.4241219, -98.49362819999999]
[35.91537, -94.969956]
[45.5230622, -122.6764815]
[43.2217388, -74.1040191]
[35.1823171, -83.3815429]
[45.21011619999999, -123.1987163]
[42.3447572, -123.4568737]
[42.0834335, -71.0183787]
[32.715738, -117.1610838]
[30.3321838, -81.65565099999999]
[37.85900609999999, -80.8542568]
[34.0686208, -117.9389526]
[34.6867846, -118.1541632]
[39.9259463, -75.1196199]
[25.790654, -80.1300455]
[35.4675602, -97.5164276]
[36.2139814, -83.29489219999999]
[37.0870821, -76.4730122]
[36.0395247, -114.9817213]
[37.6624312, -121.8746789]
[30.267153, -97.7430608]
[30.267153, -97.7430608]
[33.8314045, -118.0728424]
[35.4675602, -97.5164276]
[44.1670079, -71.96620089999999]
[37.3477174, -120.609084]
[33.8536269, -118.1339563]
[34.0522342, -118.2436849]
[29.7604267, -95.3698028]
[33.4151843, -111.8314724]
[32.7766642, -96.79698789999999]
[35.3732921, -119.0187125]
[26.3017374, -98.1633432]
[39.3642834, -74.4229266]
[39.1097268, -94.4446742]
[37.7030646, -85.8649408]
[45.48706199999999, -122.8037102]
[36.4339674, -81.47183869999999]
[37.8421975, -112.8279996]
[33.4483771, -112.0740373]
[41.8781136, -87.6297982]
[37.12605780000001, -122.1221869]
[34.0522342, -118.2436849]
[39.0997265, -94.5785667]
[36.1699412, -115.1398296]
[33.5967815, -83.8601827]
[41.8781136, -87.6297982]
[39.0954484, -121.5521858]
[39.7392358, -104.990251]
[26.1275862, -80.23310359999999]
[30.267153, -97.7430608]
[41.8978091, -87.81394829999999]
[42.866632, -106.313081]
[33.8081608, -84.17019599999999]
[41.2082089, -122.2719529]
[42.46676300000001, -70.9494938]
[34.0522342, -118.2436849]
[28.5783313, -81.8867451]
[41.30838929999999, -80.955924]
[44.1025148, -85.14698349999999]
[33.9424658, -117.2296717]
[43.0494572, -88.0075875]
[25.4687224, -80.4775569]
[39.114053, -94.6274636]
[35.0456297, -85.3096801]
[41.1399814, -104.8202462]
[31.2826685, -86.2555067]
[47.6062095, -122.3320708]
[28.5383355, -81.3792365]
[34.8480597, -114.6141315]
[35.1495343, -90.0489801]
[25.9017472, -97.4974838]
[40.5852602, -105.084423]
[33.4483771, -112.0740373]
[39.3958369, -101.0523773]
[39.1214868, -84.5091102]
[29.8202205, -94.38407769999999]
[37.5482697, -121.9885719]
[34.2828722, -84.7452138]
[26.1723065, -80.1319893]
[31.6074365, -81.8853924]
[42.60111939999999, -89.6384532]
[35.4675602, -97.5164276]
[39.9525839, -75.1652215]
[39.7589478, -84.1916069]
[45.0105194, -93.4555093]
[33.6890603, -78.8866943]
[42.7596897, -105.3822069]
[39.0010079, -121.0218887]
[34.1395597, -118.3870991]
[36.3293051, -80.43311159999999]
[29.95106579999999, -90.0715323]
[33.7748275, -84.2963123]
[36.1699412, -115.1398296]
[29.504692, -82.2798227]
[32.5251516, -93.7501789]
[34.6856555, -82.9532036]
[34.0859829, -81.1831513]
[29.5957696, -90.71953479999999]
[40.0149856, -105.2705456]
[35.8800733, -90.1670393]
[32.3199396, -106.7636538]
[41.7369803, -111.8338359]
[38.8882398, -119.7412875]
[41.2082089, -122.2719529]
[32.7554883, -97.3307658]
[33.9791793, -118.032844]
[35.0853336, -106.6055534]
[33.3942655, -104.5230242]
[38.4148146, -81.8440197]
[32.2217429, -110.926479]
[29.7604267, -95.3698028]
[37.8043637, -122.2711137]
[40.2775915, -76.5852462]
[37.5643209, -77.88245959999999]
[40.1933767, -85.3863599]
[32.7157305, -117.1610966]
[40.3083672, -88.1558785]
[38.2526647, -85.7584557]
[42.9614039, -88.0125865]
[20.7983626, -156.3319253]
[37.5407246, -77.4360481]
[36.0597177, -86.6715948]
[47.2528768, -122.4442906]
[39.0125608, -84.60466629999999]
[31.7618778, -106.4850217]
[32.735687, -97.10806559999999]
[36.1699412, -115.1398296]
[36.7468422, -119.7725868]
[47.19159370000001, -114.8917978]
[35.612661, -77.3663538]
[33.7700504, -118.1937395]
[29.7860643, -95.95106609999999]
[33.0185039, -80.17564809999999]
[35.262082, -81.18730049999999]
[47.6587802, -117.4260465]
[39.768403, -86.158068]
[34.1742611, -97.14362539999999]
[41.3259134, -75.78936039999999]
[37.3382082, -121.8863286]
[33.3528264, -111.789027]
[48.276577, -116.553465]
[31.549333, -97.1466695]
[31.8456816, -102.3676431]
[37.8043637, -122.2711137]
[34.0522342, -118.2436849]
[33.7475203, -116.9719684]
[41.6639383, -83.55521200000001]
[32.7026116, -103.1360403]
[40.5795317, -74.1502007]
[29.79466409999999, -98.7319703]
[38.8576128, -76.8894171]
[41.7689878, -72.4334173]
[38.7142263, -85.4735707]
[37.36883, -122.0363496]
[35.6468991, -117.8125674]
[39.1637984, -119.7674034]
[37.3382082, -121.8863286]
[30.0474332, -99.1403189]
[29.7604267, -95.3698028]
[37.3382082, -121.8863286]
[38.6270025, -90.19940419999999]
[42.5793103, -83.2827093]
[48.1171945, -118.2022917]
[35.5328838, -82.8373558]
[39.5478509, -81.6395732]
[33.2098407, -87.56917349999999]
[34.0633443, -117.6508876]
[47.3352273, -122.8293192]
[39.6001132, -75.94133269999999]
[35.9798734, -78.50972279999999]
[47.2640071, -93.6221657]
[42.7284117, -73.69178509999999]
[35.3732921, -119.0187125]
[37.68717609999999, -97.33005299999999]
[38.2664512, -77.18078419999999]
[30.3321838, -81.65565099999999]
[34.31814970000001, -86.4958219]
[40.0578384, -74.1371832]
[35.914581, -79.9719831]
[36.1699412, -115.1398296]
[35.6869752, -105.937799]
[39.9606643, -75.6054882]
[28.0614065, -82.3023128]
[33.4483771, -112.0740373]
[25.7616798, -80.1917902]
[36.3047735, -86.6199957]
[35.0456297, -85.3096801]
[40.6096698, -111.9391031]
[32.7766642, -96.79698789999999]
[37.8043637, -122.2711137]
[32.715738, -117.1610838]
[34.0522342, -118.2436849]
[29.4241219, -98.49362819999999]
[40.114955, -111.654923]
[40.9125992, -73.8370786]
[32.5007037, -94.74048909999999]
[36.1988592, -115.1175013]
[29.4241219, -98.49362819999999]
[41.8781136, -87.6297982]
[35.9850639, -96.76697]
[32.2217429, -110.926479]
[40.3977612, -105.0749801]
[37.2698395, -81.2223195]
[41.3125552, -81.4401129]
[32.8423345, -104.4032962]
[34.5400242, -112.4685025]
[36.7468422, -119.7725868]
[43.7094283, -98.0297992]
[38.5489431, -86.61999139999999]
[41.18772209999999, -123.703994]
[32.9659566, -97.68363839999999]
[42.8678693, -71.49483219999999]
[35.9940329, -78.898619]
[34.0633443, -117.6508876]
[36.8529263, -75.97798499999999]
[36.8529263, -75.97798499999999]
[25.7776438, -80.2377078]
[32.5251516, -93.7501789]
[32.7026116, -103.1360403]
[36.7468422, -119.7725868]
[64.8377778, -147.7163888]
[44.4822137, -88.0701033]
[39.0997265, -94.5785667]
[64.8377778, -147.7163888]
[34.0686206, -118.0275667]
[44.6697805, -74.9813084]
[34.0922335, -117.435048]
[39.768403, -86.158068]
[38.1341477, -121.2722194]
[33.9401088, -118.1331593]
[39.849557, -75.3557457]
[39.9205411, -105.0866504]
[33.1731716, -86.2516406]
[35.9703599, -83.95518539999999]
[41.4641806, -91.8382273]
[34.9334298, -95.76971309999999]
[29.0246906, -95.3988291]
[37.1092162, -87.8819594]
[34.8957957, -117.0172826]
[29.942783, -89.9635162]
[34.227617, -118.442425]
[25.7616798, -80.1917902]
[34.0522342, -118.2436849]
[31.3112936, -92.4451371]
[44.3522065, -103.7651984]
[43.8822464, -84.48473159999999]
[37.4042496, -84.41382589999999]
[34.1083449, -117.2897652]
[36.0770048, -87.3877899]
[30.2751945, -89.78117449999999]
[31.3422346, -88.24611829999999]
[38.4495688, -78.8689155]
[39.5214373, -85.7769238]
[32.7766642, -96.79698789999999]
[36.6171819, -121.8482855]
[36.6171819, -121.8482855]
[33.6609389, -95.55551299999999]
[29.1872023, -81.420901]
[28.0652975, -81.7886906]
[37.8043637, -122.2711137]
[30.5168639, -86.48217199999999]
[38.68194, -120.56222]
[36.1988592, -115.1175013]
[40.7607793, -111.8910474]
[33.1972465, -96.6397822]
[39.4695489, -76.82942129999999]
[36.6721195, -81.20781640000001]
[39.7390721, -75.5397878]
[25.7616798, -80.1917902]
[38.682219, -104.7008056]
[44.9537029, -93.0899578]
[41.0814447, -81.51900529999999]
[41.8781136, -87.6297982]
[34.4258586, -112.5868398]
[30.4582829, -91.1403196]
[32.9440077, -103.3485543]
[34.0522342, -118.2436849]
[34.9831309, -85.2860676]
[33.1828974, -97.2872402]
[25.7616798, -80.1917902]
[32.555556, -117.0470434]
[44.0805434, -103.2310149]
[45.8769031, -93.29383519999999]
[37.7781702, -81.1881557]
[31.5455001, -110.2772856]
[34.1064001, -117.3703235]
[45.4942838, -122.8670454]
[35.2219971, -101.8312969]
[34.1898566, -118.451357]
[34.7448112, -87.66752919999999]
[41.8781136, -87.6297982]
[32.8234621, -97.1705678]
[40.5575986, -74.2846022]
[41.0814447, -81.51900529999999]
[35.4495065, -97.3967019]
[36.6002378, -121.8946761]
[26.7153424, -80.0533746]
[39.2037144, -76.86104619999999]
[33.442702, -116.8651224]
[42.5584283, -70.880049]
[41.2960159, -72.38453009999999]
[34.433237, -117.6467917]
[43.443107, -85.2515482]
[41.801141, -88.0747875]
[34.1083449, -117.2897652]
[30.2265949, -93.2173758]
[34.9203946, -82.2962268]
[31.8423472, -102.498757]
[34.6035669, -98.39592909999999]
[31.5790588, -90.4406506]
[34.1650972, -84.7999382]
[26.1420358, -81.7948103]
[33.7205771, -116.2155619]
[36.6149217, -121.822098]
[31.5279399, -87.32470769999999]
[25.7616798, -80.1917902]
[39.9611755, -82.99879419999999]
[36.1699412, -115.1398296]
[41.4047742, -81.7229086]
[47.6768927, -122.2059833]
[37.7749295, -122.4194155]
[29.7604267, -95.3698028]
[29.7604267, -95.3698028]
[34.0452883, -117.9436749]
[34.0142667, -83.6986568]
[33.4956744, -88.4272627]
[37.63909719999999, -120.9968782]
[39.9625984, -76.727745]
[26.8233946, -80.13865469999999]
[36.7468422, -119.7725868]
[34.0522342, -118.2436849]
[38.2526647, -85.7584557]
[32.715738, -117.1610838]
[33.1284047, -107.2528069]
[30.35825059999999, -90.06563109999999]
[41.9778795, -91.6656232]
[32.6789476, -115.4988834]
[36.3510616, -119.4201204]
[42.8694731, -85.64474919999999]
[32.5251516, -93.7501789]
[38.617127, -121.3282843]
[37.2726002, -82.8823826]
[41.7475933, -74.0868095]
[34.0158479, -117.3333772]
[26.5628537, -81.9495331]
[33.7805388, -116.4668036]
[39.9403453, -82.0131924]
[42.5775187, -88.1050853]
[60.0858486, -151.382264]
[34.5092562, -84.5049279]
[39.41426879999999, -77.4105409]
[38.9071923, -77.0368707]
[27.950575, -82.4571776]
[32.0835407, -81.09983419999999]
[32.70003, -117.2466838]
[34.0701074, -88.391154]
[30.3321838, -81.65565099999999]
[44.9428975, -123.0350963]
[39.9611755, -82.99879419999999]
[35.5478513, -87.5519628]
[29.7604267, -95.3698028]
[29.601657, -82.9819282]
[36.7903399, -85.3705186]
[32.76679550000001, -96.5991593]
[29.7604267, -95.3698028]
[35.8709403, -95.163454]
[38.8338816, -104.8213634]
[32.6454116, -85.3782795]
[44.89254830000001, -94.3692926]
[40.8020712, -124.1636729]
[44.7298876, -116.4381985]
[38.9071923, -77.0368707]
[31.1279652, -92.0662356]
[37.2089572, -93.29229889999999]
[29.7604267, -95.3698028]
[37.3021632, -120.4829677]
[32.8024577, -117.2355851]
[39.629526, -79.95589679999999]
[36.4142357, -96.3952963]
[38.538664, -90.33511639999999]
[32.9810059, -80.03258670000001]
[45.5230622, -122.6764815]
[36.1699412, -115.1398296]
[34.9682097, -80.0767266]
[34.9495672, -81.9320482]
[27.5305671, -99.48032409999999]
[38.7023371, -80.7214417]
[37.3382082, -121.8863286]
[34.0522342, -118.2436849]
[38.8338816, -104.8213634]
[39.7284944, -121.8374777]
[39.9852617, -104.8205283]
[45.21663239999999, -112.6389244]
[35.0853336, -106.6055534]
[37.7749295, -122.4194155]
[33.5604168, -81.7195533]
[39.2903848, -76.6121893]
[37.36883, -122.0363496]
[35.9969735, -88.86469799999999]
[33.9971974, -117.4854802]
[32.173813, -81.3906678]
[33.9971974, -117.4854802]
[37.8043637, -122.2711137]
[35.1679395, -78.97280560000002]
[40.028521, -75.1749671]
[44.977753, -93.2650108]
[31.2152685, -95.9832577]
[34.8033566, -84.981754]
[32.7592955, -97.7972544]
[25.7616798, -80.1917902]
[33.96570910000001, -81.0739827]
[32.7592955, -97.7972544]
[31.4398976, -84.7249188]
[39.6108492, -74.35726460000001]
[25.9023168, -80.25032709999999]
[42.0320742, -86.7416374]
[27.4799195, -82.34518899999999]
[27.4467056, -80.3256056]
[38.9071923, -77.0368707]
[33.9142037, -84.8984775]
[34.0922335, -117.435048]
[34.8957957, -117.0172826]
[33.8531568, -96.5024916]
[34.0922335, -117.435048]
[39.5296329, -119.8138027]
[39.7392358, -104.990251]
[27.8005828, -97.39638099999999]
[39.9611755, -82.99879419999999]
[45.0481968, -93.2474098]
[36.1699412, -115.1398296]
[39.9259463, -75.1196199]
[37.2089572, -93.29229889999999]
[34.1111581, -109.291475]
[37.0208865, -93.2060163]
[39.7284944, -121.8374777]
[36.5636755, -93.43796390000001]
[32.6395776, -96.53832279999999]
[40.5489358, -84.5702338]
[39.8891658, -94.3618967]
[33.5975393, -112.2718239]
[35.3732921, -119.0187125]
[40.8257625, -96.6851982]
[39.7294319, -104.8319195]
[33.7489954, -84.3879824]
[31.7512396, -103.1598876]
[44.80118210000001, -68.77781379999999]
[33.9022367, -118.081733]
[39.7392358, -104.990251]
[34.1083449, -117.2897652]
[34.1083449, -117.2897652]
[37.7749295, -122.4194155]
[29.4241219, -98.49362819999999]
[32.2686981, -107.7586404]
[41.0630102, -102.0740255]
[33.4151843, -111.8314724]
[40.4276685, -80.01157010000001]
[32.8140177, -96.9488945]
[25.7616798, -80.1917902]
[44.1858193, -88.462609]
[38.6270025, -90.19940419999999]
[33.7205771, -116.2155619]
[47.6062095, -122.3320708]
[41.5528288, -81.5101208]
[41.3113669, -105.5911007]
[40.9312099, -73.89874689999999]
[41.49932, -81.6943605]
[37.4800544, -86.2938637]
[36.3084275, -95.31691359999999]
[39.768403, -86.158068]
[34.9203946, -82.2962268]
[36.68440289999999, -121.802173]
[33.7475203, -116.9719684]
[32.2217429, -110.926479]
[39.768403, -86.158068]
[35.0456297, -85.3096801]
[33.930293, -118.2114603]
[34.2331475, -97.4878023]
[40.9995386, -75.1812913]
[34.1083449, -117.2897652]
[39.7294319, -104.8319195]
[32.735687, -97.10806559999999]
[33.2148412, -97.13306829999999]
[46.8645747, -122.7695986]
[39.7744311, -105.0555389]
[29.95106579999999, -90.0715323]
[39.3342744, -76.4394056]
[35.8197917, -88.9158953]
[36.1699412, -115.1398296]
[33.7700504, -118.1937395]
[37.0057816, -121.5682751]
[36.1699412, -115.1398296]
[37.8953906, -81.1642682]
[35.3165257, -81.17618949999999]
[34.2163937, -119.0376023]
[41.1536674, -81.3578859]
[37.63909719999999, -120.9968782]
[41.60727199999999, -83.46882040000001]
[35.9606384, -83.9207392]
[36.4072485, -105.5730665]
[37.3426444, -78.9750189]
[34.0522342, -118.2436849]
[34.5794343, -118.1164613]
[35.2219971, -101.8312969]
[33.7475203, -116.9719684]
[33.7514966, -84.7477136]
[30.2735323, -91.8992837]
[41.5605542, -75.35287790000001]
[28.9005446, -81.26367379999999]
[39.7294319, -104.8319195]
[39.2077473, -121.2988335]
[39.0925597, -84.5474435]
[44.4758825, -73.21207199999999]
[28.5552719, -82.3878709]
[35.0853336, -106.6055534]
[42.3222599, -83.17631449999999]
[32.1632079, -91.720681]
[30.6937955, -90.97815849999999]
[42.732535, -84.5555347]
[36.06523, -119.0167679]
[35.2270869, -80.8431267]
[37.4418834, -122.1430195]
[33.4483771, -112.0740373]
[41.8781136, -87.6297982]
[41.8781136, -87.6297982]
[43.6176584, -116.9337599]
[30.9251869, -88.5900235]
[33.4255104, -111.9400054]
[29.7960399, -91.5015002]
[36.7282054, -76.5835621]
[37.0977209, -121.016866]
[34.0805651, -118.072846]
[36.7468422, -119.7725868]
[41.7910697, -107.2386627]
[36.1699412, -115.1398296]
[32.715738, -117.1610838]
[45.6614105, -110.5599556]
[32.2354051, -100.4503797]
[43.5445959, -96.73110340000001]
[35.2270869, -80.8431267]
[30.51269899999999, -93.2323813]
[35.4675602, -97.5164276]
[47.0378741, -122.9006951]
[36.3134397, -82.3534727]
[35.2270869, -80.8431267]
[40.5865396, -122.3916754]
[37.5949316, -120.9577098]
[39.957902, -75.3076883]
[42.4461322, -87.83285049999999]
[33.6417408, -105.877212]
[37.7307984, -87.10237459999999]
[42.6386048, -88.4597673]
[34.0659329, -84.6768796]
[46.146779, -122.9084445]
[39.6978871, -76.06272659999999]
[34.2819461, -118.4389719]
[39.1031182, -84.5120196]
[39.7392358, -104.990251]
[39.8001757, -76.958545]
[61.17672719999999, -149.9282138]
[36.8507689, -76.28587259999999]
[35.8681455, -83.56183500000002]
[47.1953976, -120.9392489]
[37.8331059, -89.1428573]
[34.3916641, -118.542586]
[38.92593970000001, -79.8467349]
[42.4733688, -83.2218731]
[34.1176605, -118.3520389]
[29.4241219, -98.49362819999999]
[45.48706199999999, -122.8037102]
[32.7947731, -116.9625269][26.6845104, -80.6675577]
[33.9548201, -86.04191689999999]
[40.7607793, -111.8910474]
[33.4151843, -111.8314724]
[28.5383355, -81.3792365]
[42.3265152, -122.8755949]
[33.4483771, -112.0740373]
[37.5933918, -122.0438298]
[32.7766642, -96.79698789999999]
[30.8327022, -83.2784851]
[30.5601953, -91.9540054]
[34.8514782, -86.57221539999999]
[30.0474332, -99.1403189]
[35.2873206, -95.58248460000002]
[39.5296329, -119.8138027]
[43.5862606, -119.0541032]
[34.5720347, -93.1732401]
[35.6869752, -105.937799]
[42.3222599, -83.17631449999999]
[32.5631924, -97.1416768]
[33.8999297, -84.56414699999999]
[47.2528768, -122.4442906]
[41.2523634, -95.99798829999999]
[45.2023855, -122.1188945]
[42.46676300000001, -70.9494938]
[32.8140177, -96.9488945]
[32.4709761, -85.0007653]
[40.5852602, -105.084423]
[39.1097268, -94.4446742]
[35.3732921, -119.0187125]
[40.4417355, -79.8819942]
[26.4185248, -81.4174057]
[32.8601275, -97.3639068]
[37.5296593, -122.0402399]
[38.9071923, -77.0368707]
[35.0853336, -106.6055534]
[38.5890723, -121.302728]
[35.5145495, -95.9566635]
[29.1871986, -82.14009229999999]
[43.2327824, -100.8534779]
[33.4151843, -111.8314724]
[40.7736624, -81.46085599999999]
[19.7070942, -155.0884869]
[36.0204308, -80.8322428]
[45.9931636, -123.9226385]
[39.9611755, -82.99879419999999]
[34.9984206, -91.98375519999999]
[30.267153, -97.7430608]
[29.95106579999999, -90.0715323]
[38.2526647, -85.7584557]
[39.4622357, -76.27722229999999]
[71.29055559999999, -156.788611]
[45.0060767, -93.15661070000002]
[32.1321367, -95.81428849999999]
[32.7554883, -97.3307658]
[30.4582829, -91.1403196]
[41.6266555, -93.71216559999999]
[37.683478, -78.3413918]
[27.4989278, -82.5748194]
[39.1031182, -84.5120196]
[34.203997, -83.4571057]
[33.7454725, -117.867653]
[33.6631622, -95.46245479999999]
[41.223, -111.9738304]
[36.3487196, -82.21068760000001]
[33.8365932, -117.9143012]
[47.1717649, -122.518458]
[34.8117565, -88.19004149999999]
[33.4483771, -112.0740373]
[33.9616801, -118.3531311]
[33.9616801, -118.3531311]
[61.63027779999999, -149.8180556]
[26.2159066, -98.32529319999999]
[30.4582829, -91.1403196]
[37.7394537, -121.1354141]
[33.4483771, -112.0740373]
[39.0169509, -94.2816148]
[39.4060536, -105.4786412]
[33.4483771, -112.0740373]
[40.3763701, -104.6921874]
[32.3668052, -86.2999689]
[39.4154714, -119.2246073]
[37.2709704, -79.9414266]
[29.4241219, -98.49362819999999]
[35.7795897, -78.6381787]
[28.0344621, -80.5886646]
[32.8370727, -97.08195409999999]
[30.385755, -88.6116854]
[39.5359406, -76.34829309999999]
[33.3528264, -111.789027]
[34.659264, -93.6910292]
[37.1895318, -84.1177098]
[42.9026136, -78.74457199999999]
[30.080174, -94.1265562]
[32.8951262, -97.5458565]
[46.8083268, -100.7837392]
[33.954737, -118.2120161]
[37.3382082, -121.8863286]
[39.0558235, -95.68901849999999]
[45.7832856, -108.5006904]
[32.4206736, -104.2288375]
[27.950575, -82.4571776]
[30.3960318, -88.88530779999999]
[33.7700504, -118.1937395]
[31.8456816, -102.3676431]
[37.9452861, -104.8352628]
[40.1536479, -88.9645253]
[37.5296593, -122.0402399]
[29.7604267, -95.3698028]
[29.7604267, -95.3698028]
[36.0726354, -79.7919754]
[34.1425078, -118.255075]
[32.96179, -96.82916850000001]
[35.7972998, -84.2560299]
[33.9245454, -85.6113501]
[39.849557, -75.3557457]
[45.6318397, -122.6716063]
[41.8781136, -87.6297982]
[36.8453199, -86.887219]
[37.9715592, -87.5710898]
[32.7554883, -97.3307658]
[33.9744592, -118.2481287]
[29.4241219, -98.49362819999999]
[34.9054732, -80.1875065]
[29.7604267, -95.3698028]
[29.7604267, -95.3698028]
[37.8671476, -121.6380069]
[43.49165139999999, -112.0339645]
[41.8781136, -87.6297982]
[40.0626872, -77.9636513]
[41.0534302, -73.5387341]
[40.2784029, -79.5447619]
[38.3031837, -77.4605399]
[39.8680412, -104.9719243]
[36.7468422, -119.7725868]
[35.2120652, -89.9089684]
[42.2079017, -71.0040013]
[34.0555693, -117.1825381]
[38.2544472, -104.6091409]
[34.9368642, -107.1957203]
[39.0169509, -94.2816148]
[37.2778886, -82.0990223]
[33.6890603, -78.8866943]
[38.9108408, -94.3821724]
[35.0241873, -110.6973571]
[33.3942655, -104.5230242]
[35.2626635, -77.5816353]
[30.2329914, -95.1610438]
[34.7023389, -82.4645714]
[46.5330129, -93.7102493]
[34.0522342, -118.2436849]
[33.5386523, -112.1859866]
[36.1699412, -115.1398296]
[39.2903848, -76.6121893]
[39.2903848, -76.6121893]
[37.5407246, -77.4360481]
[31.8456816, -102.3676431]
[39.768403, -86.158068]
[29.7274331, -90.5989759]
[39.768403, -86.158068]
[36.3883809, -86.4466599]
[34.3058279, -118.4571974]
[37.7749295, -122.4194155]
[41.2523634, -95.99798829999999]
[38.5815719, -121.4943996]
[44.8757937, -91.44071459999999]
[42.8694731, -85.64474919999999]
[40.4862157, -74.4518188]
[39.9525839, -75.1652215]
[37.63909719999999, -120.9968782]
[42.78702089999999, -73.97095829999999]
[36.1699412, -115.1398296]
[41.8781136, -87.6297982]
[39.7392358, -104.990251]
[30.75934519999999, -98.67503789999999]
[35.9258985, -85.46414209999999]
[38.3708415, -97.66420869999999]
[33.6680772, -117.3272615]
[34.6295165, -98.6286741]
[40.1933767, -85.3863599]
[42.4772418, -88.0956396]
[31.7618778, -106.4850217]
[39.4863773, -75.02596369999999]
[40.7127837, -74.0059413]
[39.0045544, -76.87552819999999]
[33.8187167, -84.5824329]
[38.6270025, -90.19940419999999]
[25.4687224, -80.4775569]
[42.40843, -71.0536625]
[30.267153, -97.7430608]
[27.4467056, -80.3256056]
[33.3061605, -111.8412502]
[35.0853336, -106.6055534]
[29.6480061, -97.8280575]
[40.6868914, -111.8754907]
[33.7489954, -84.3879824]
[39.8366528, -105.0372046]
[25.7616798, -80.1917902]
[37.3822732, -89.6662063]
[44.9591352, -89.6301221]
[33.0314508, -111.3873431]
[34.0522342, -118.2436849]
[35.7847949, -89.1172883]
[36.3302284, -119.2920585]
[39.9525839, -75.1652215]
[47.4668384, -122.3405305]
[33.4936391, -117.1483648]
[37.6439289, -93.0924093]
[29.9146493, -90.0539603]
[43.0389025, -87.9064736]
[28.5383355, -81.3792365]
[40.41895660000001, -80.58951669999999]
[48.01509799999999, -122.0637425]
[27.7518284, -82.6267345]
[46.68115299999999, -68.01586139999999]
[33.7700504, -118.1937395]
[31.7618778, -106.4850217]
[30.4379758, -88.8680853]
[41.8781136, -87.6297982]
[31.6035129, -94.6554874]
[41.900101, -71.0897674]
[39.7294319, -104.8319195]
[32.715738, -117.1610838]
[40.4233142, -104.7091322]
[34.8611959, -96.6655688]
[34.0297895, -118.2117257]
[30.3321838, -81.65565099999999]
[33.4483771, -112.0740373]
[28.84610189999999, -81.1625612]
[33.5442781, -84.23380929999999]
[37.4907739, -88.47729489999999]
[33.5726113, -84.4132594]
[41.7743261, -122.5770126]
[40.7127837, -74.0059413]
[38.2081045, -91.16042069999999]
[36.1699412, -115.1398296]
[37.7749295, -122.4194155]
[38.7071247, -121.2810611]
[37.3352367, -83.1013964]
[25.7616798, -80.1917902]
[41.2523634, -95.99798829999999]
[34.6830936, -80.1428584]
[45.3573429, -122.6067584]
[35.1982836, -111.651302]
[25.9812024, -80.14837899999999]
[42.1167606, -71.8647577]
[30.3321838, -81.65565099999999]
[40.0149856, -105.2705456]
[45.5001357, -122.4302013]
[38.6533445, -94.3488372]
[35.0853336, -106.6055534]
[35.4675602, -97.5164276]
[44.9537029, -93.0899578]
[41.5647575, -87.53893099999999]
[29.4241219, -98.49362819999999]
[34.5958201, -120.1376481]
[34.0583995, -106.8914159]
[39.768403, -86.158068]
[33.6070215, -86.0187907]
[35.0853336, -106.6055534]
[29.028318, -81.3031179]
[34.9979453, -78.32333249999999]
[36.4665269, -79.9069847]
[45.3840077, -122.7639851]
[32.2217429, -110.926479]
[44.0581728, -121.3153096]
[33.3806716, -84.79965729999999]
[37.568694, -84.2963223]
[36.8507689, -76.28587259999999]
[35.2270869, -80.8431267]
[61.5813889, -149.4394444]
[41.7354186, -122.6344709]
[31.8912717, -85.1454876]
[40.1933767, -85.3863599]
[26.5628537, -81.9495331]
[35.9595442, -95.36941159999999]
[37.4946568, -120.8465941]
[33.5442781, -84.23380929999999]
[39.0997265, -94.5785667]
[33.5206608, -86.80248999999999]
[34.2576066, -88.7033859]
[40.31411689999999, -112.006882]
[37.1008864, -85.8124723]
[42.8142432, -73.9395687]
[30.6953657, -88.0398912]
[41.6259211, -71.2134231]
[45.6318397, -122.6716063]
[43.6187102, -116.2146068]
[38.9991748, -93.95355579999999]
[35.2219971, -101.8312969]
[32.6400541, -117.0841955]
[36.1539816, -95.99277500000001]
[35.0853336, -106.6055534]
[38.617127, -121.328284[40.114955, -111.654923]
[34.0522342, -118.2436849]
[28.5383355, -81.3792365]
[35.7847949, -89.1172883]
[34.85261759999999, -82.3940104]
[39.9525839, -75.1652215]
[47.4668384, -122.3405305]
[37.6439289, -93.0924093]
[43.0389025, -87.9064736]
[28.5383355, -81.3792365]
[40.41895660000001, -80.58951669999999]
[27.7518284, -82.6267345]
[46.68115299999999, -68.01586139999999]
[31.7618778, -106.4850217]
[30.4379758, -88.8680853]
[41.8781136, -87.6297982]
[29.494415, -81.8953647]
[31.6035129, -94.6554874]
[32.715738, -117.1610838]
[40.4233142, -104.7091322]
[34.8611959, -96.6655688]
[34.0297895, -118.2117257]
[33.4483771, -112.0740373]
[33.5442781, -84.23380929999999]
[33.5726113, -84.4132594]
[40.7127837, -74.0059413]
[38.2081045, -91.16042069999999]
[33.4483771, -112.0740373]
[36.1699412, -115.1398296]
[37.7749295, -122.4194155]
[38.7071247, -121.2810611]
[37.3352367, -83.1013964]
[41.2523634, -95.99798829999999]
[34.6830936, -80.1428584]
[35.1982836, -111.651302]
[25.9812024, -80.14837899999999]
[42.1167606, -71.8647577]
[30.3321838, -81.65565099999999]
[40.0149856, -105.2705456]
[35.1982836, -111.651302]
[45.5001357, -122.4302013]
[35.0853336, -106.6055534]
[35.4675602, -97.5164276]
[25.9420377, -80.2456045]
[44.9537029, -93.0899578]
[41.5647575, -87.53893099999999]
[29.4241219, -98.49362819999999]
[38.6350501, -90.0928852]
[34.5958201, -120.1376481]
[39.768403, -86.158068]
[33.6070215, -86.0187907]
[29.7604267, -95.3698028]
[34.9979453, -78.32333249999999]
[36.4665269, -79.9069847]
[32.2217429, -110.926479]
[44.0581728, -121.3153096]
[33.4483771, -112.0740373]
[37.568694, -84.2963223]
[36.8507689, -76.28587259999999]
[35.2270869, -80.8431267]
[61.5813889, -149.4394444]
[32.7413006, -117.1303817]
[41.7354186, -122.6344709]
[31.8912717, -85.1454876]
[40.1933767, -85.3863599]
[26.5628537, -81.9495331]
[39.9611755, -82.99879419999999]
[19.7070942, -155.0884869]
[37.4946568, -120.8465941]
[33.5442781, -84.23380929999999]
[39.0997265, -94.5785667]
[33.5206608, -86.80248999999999]
[29.8849504, -93.93994699999999]
[32.5964404, -114.709677]
[35.8310501, -80.89865019999999]
[38.2544472, -104.6091409]
[46.6020711, -120.5058987]
[34.2576066, -88.7033859]
[33.9866807, -118.185349]
[42.8142432, -73.9395687]
[30.6953657, -88.0398912]
[41.6259211, -71.2134231]
[45.6318397, -122.6716063]
[38.9991748, -93.95355579999999]
[32.6400541, -117.0841955]
[36.1539816, -95.99277500000001]
[45.6352391, -87.9909531]
[35.0853336, -106.6055534]
[46.0038232, -112.5347775]
[39.8366528, -105.0372046]
[34.7303688, -86.5861037]
[38.617127, -121.3282843]
[40.7127837, -74.0059413]
[32.2871413, -81.08066649999999]
[34.483901, -114.3224548]
[42.8706048, -71.95167459999999]
[42.866632, -106.313081]
[38.8338816, -104.8213634]
[34.9578727, -90.1517605]
[43.0494572, -88.0075875]
[38.5200504, -89.9839935]
[32.8134085, -108.0911535]
[40.9167654, -74.17181099999999]
[36.0420248, -94.2471515]
[27.8661364, -82.32648089999999]
[36.7468422, -119.7725868]
[27.8428025, -82.6995443]
[34.2978794, -83.8240663]
[33.3703197, -112.5837766]
[42.1142112, -84.2910759]
[41.6743343, -73.0724037]
[40.8257625, -96.6851982]
[38.9071923, -77.0368707]
[32.3868278, -83.35460979999999]
[35.0367105, -107.3828231]
[39.0090017, -75.46575419999999]
[33.7700504, -118.1937395]
[21.3069444, -157.8583333]
[32.4271852, -92.2236667]
[40.6297634, -91.31453499999999]
[39.0897928, -105.5943388]
[42.7596897, -105.3822069]
[35.1751148, -82.1892795]
[34.1650972, -84.7999382]
[35.5950581, -82.5514869]
[36.5951059, -82.18874439999999]
[30.0035365, -91.81872849999999]
[39.5296329, -119.8138027]
[33.8703645, -117.9242123]
[32.8546197, -79.9748103]
[37.3382082, -121.8863286]
[30.4582829, -91.1403196]
[32.6926512, -114.6276916]
[44.99163230000001, -93.166333]
[34.7825721, -97.9569845]
[32.4073589, -87.02110069999999]
[32.2217429, -110.926479]
[34.0292764, -94.7391045]
[38.5815719, -121.4943996]
[38.624514, -90.1506465]
[40.7127837, -74.0059413]
[42.0938577, -86.4895463]
[61.2180556, -149.9002778]
[35.1982836, -111.651302]
[39.2903848, -76.6121893]
[34.993766, -80.2645069]
[34.1083449, -117.2897652]
[39.6108492, -74.35726460000001]
[43.7508284, -87.71453]
[36.1539816, -95.99277500000001]
[40.7127837, -74.0059413]
[30.4582829, -91.1403196]
[36.1539816, -95.99277500000001]
[41.8781136, -87.6297982]
[29.4241219, -98.49362819999999]
[43.0389025, -87.9064736]
[34.0122346, -117.688944]
[33.706966, -117.0844733]
[35.5280783, -108.7425843]
[39.768403, -86.158068]
[32.8423345, -104.4032962]
[29.9840922, -90.1528519]
[33.4255104, -111.9400054]
[33.4941704, -111.9260519]
[39.5349112, -119.7526886]
[33.6633573, -116.3100095]
[41.8781136, -87.6297982]
[33.8958492, -118.2200712]
[36.5320954, -77.5355335]
[33.4717732, -86.80082279999999]
[37.5144292, -82.15319540000002]
[46.4476278, -120.4203382]
[33.7454725, -117.867653]
[33.8615392, -81.2000987]
[38.4334566, -77.4242972]
[33.8709958, -79.7553451]
[45.8848164, -95.3776663]
[28.0344621, -80.5886646]
[42.9457307, -115.466186]
[41.1107771, -112.0260538]
[42.331427, -83.0457538]
[36.6815794, -82.605118]
[38.9756745, -77.6418724]
[33.6795531, -84.43937240000001]
[32.8383828, -116.9739167]
[43.4577692, -88.837329]
[39.1031182, -84.5120196]
[40.2731911, -76.8867008]
[34.1962557, -81.41232289999999]
[38.2526647, -85.7584557]
[36.1459649, -81.1606401]
[38.2097967, -84.55883109999999]
[34.0522342, -118.2436849]
[34.7023389, -82.4645714]
[30.2890833, -91.23427439999999]
[47.4739884, -122.2609558]
[33.2000368, -117.2425355]
[35.91537, -94.969956]
[37.6688205, -122.0807964]
[43.0389025, -87.9064736]
[38.88233400000001, -77.1710914]
[35.0422751, -88.27353990000002]
[34.0522342, -118.2436849]
[39.2953787, -78.6377912]
[38.66611959999999, -83.3802744]
[33.4150485, -111.5495777]
[46.146779, -122.9084445]
[35.3732921, -119.0187125]
[35.2270869, -80.8431267]
[38.8791783, -99.3267702]
[32.9628232, -117.0358646]
[33.3672525, -105.6588485]
[34.091341, -118.2935891]
[33.7205771, -116.2155619]
[39.3995008, -84.5613355]
[33.6239966, -97.31446249999999]
[32.7362591, -96.86458560000001]
[28.5383355, -81.3792365]
[40.5852602, -105.084423]
[33.8958492, -118.2200712]
[33.8958492, -118.2200712]
[36.1699412, -115.1398296]
[33.4483771, -112.0740373]
[39.629526, -79.95589679999999]
[44.8041322, -93.1668858]
[35.7795897, -78.6381787]
[34.1083449, -117.2897652]
[35.189443, -114.0530065]
[64.8377778, -147.7163888]
[47.0528789, -122.2942839]
[27.950575, -82.4571776]
[32.7592955, -97.7972544]
[39.7392358, -104.990251]
[36.8289286, -93.80448310000001]
[41.68989550000001, -83.7411631]
[33.9816812, -118.2250725]
[39.5186002, -104.7613633]
[42.353355, -88.0934145]
[38.6270025, -90.19940419999999]
[39.3642834, -74.4229266]
[47.41568239999999, -120.2931263]
[31.0982344, -97.342782]
[33.7700504, -118.1937395]
[38.8020322, -81.35095319999999]
[33.4483771, -112.0740373]
[36.4198258, -82.4765352]
[33.4483771, -112.0740373]
[31.5785074, -84.15574099999999]
[28.6122187, -80.8075537]
[42.9133602, -85.7053085]
[28.0394654, -81.9498042]
[35.1495343, -90.0489801]
[26.2378597, -80.1247667]
[40.0149856, -105.2705456]
[38.9071923, -77.0368707]
[37.2638324, -122.0230146]
[41.9778795, -91.6656232]
[34.0739016, -117.3136547]
[39.9611755, -82.99879419999999]
[30.267153, -97.7430608]
[28.5155513, -82.5728769]
[34.229059, -116.860943]
[36.1539816, -95.99277500000001]
[44.491438, -73.1856832]
[33.9294606, -116.977248]
[34.7303688, -86.5861037]
[45.5579451, -94.16324039999999]
[30.0799405, -95.41716009999999]
[41.7369803, -111.8338359]
[41.7693747, -111.8046654]
[27.2730492, -80.3582261]
[41.4615182, -71.97866259999999]
[35.2270869, -80.8431267]
[36.1626638, -86.7816016]
[39.8366528, -105.0372046]
[41.00444299999999, -96.1600132]
[38.6446264, -121.2721718]
[39.3742729, -76.7224727]
[29.4241219, -98.49362819999999]
[43.3728635, -72.33787439999999]
[43.6221108, -116.2381744]
[29.7604267, -95.3698028]
[44.7677424, -93.27772259999999]
[32.7947731, -116.9625269]
[33.4483771, -112.0740373]
[39.9525839, -75.1652215]
[30.8327022, -83.2784851]
[35.189443, -114.0530065]
[40.735657, -74.1723667]
[35.1156713, -82.1501112]
[42.2047619, -83.4852133]
[40.735657, -74.1723667]
[39.9611755, -82.99879419999999]
[38.5328674, -81.86124439999999]
[34.0522342, -118.2436849]
[34.0522342, -118.2436849]
[41.5936453, -87.6947699]
[42.46676300000001, -70.9494938]
[39.3403942, -74.4773735]
[27.8661364, -82.32648089999999]
[36.18674420000001, -94.1288141]
[46.0309332, -84.3387489]
[32.8406946, -83.6324022]
[41.079273, -85.1393513]
[31.3112936, -92.4451371]
[41.079273, -85.1393513]
[35.2375883, -96.2416731]
[43.0481221, -76.14742439999999]
[33.4941704, -111.9260519]
[31.9973456, -102.0779146]
[47.6062095, -122.3320708]
[30.4340146, -90.6773046]
[42.3600825, -71.0588801]
[38.1839705, -83.4326841]
[42.4390069, -123.3283925]
[47.3809335, -122.2348432]
[32.7362591, -96.86458560000001]
[30.267153, -97.7430608]
[36.9741171, -122.0307963]
[34.5645371, -92.586828]
[28.18779, -82.73954540000001]
[36.1539816, -95.99277500000001]
[38.2097987, -84.2529869]
[41.6397696, -81.4065011]
[36.0395247, -114.9817213]
[30.3321838, -81.65565099999999]
[36.1539816, -95.99277500000001]
[47.2517197, -122.1153222]
[33.3535324, -86.5274419]
[36.9800563, -85.61219059999999]
[38.8338816, -104.8213634]
[38.6270025, -90.19940419999999]
[38.6909944, -90.4067086]
[34.7464809, -92.28959479999999]
[39.60677889999999, -75.83327179999999]
[39.60677889999999, -75.83327179999999]
[36.7473114, -95.98081789999999]
[34.1112226, -82.8670839]
[45.5919444, -95.9188889]
[38.5815719, -121.4943996]
[41.3136644, -81.7245739]
[42.3600825, -71.0588801]
[35.189443, -114.0530065]
[27.8005828, -97.39638099999999]
[33.8358492, -118.3406288]
[34.2506356, -118.61481]
[39.1637984, -119.7674034]
[40.6096698, -111.9391031]
[35.6709727, -80.4742261]
[39.9375911, -77.6611022]
[33.8389977, -83.90073819999999]
[33.8302961, -116.5452921]
[40.7127837, -74.0059413]
[27.8160523, -82.6834453]
[35.4325854, -96.30500640000001]
[38.4887089, -81.3481745]
[32.53653329999999, -94.94271680000001]
[33.7454725, -117.867653]
[33.5604168, -81.7195533]
[36.9685219, -86.4808043]
[37.4740011, -81.6998327]
[39.9525839, -75.1652215]
[38.8791783, -99.3267702]
[39.7392358, -104.990251]
[41.8650534, -80.7898089]
[34.1336186, -117.9075627]
[34.2542084, -110.0298327]
[31.4637723, -100.4370375]
[28.0394654, -81.9498042]
[39.0638705, -108.5506486]
[43.6187102, -116.2146068]
[38.468304, -108.1428669]
[61.2180556, -149.9002778]
[32.2217429, -110.926479]
[32.715738, -117.1610838]
[29.5377315, -95.1182645]
[33.4936391, -117.1483648]
[33.9791793, -118.032844]
[40.5865396, -122.3916754]
[30.42007079999999, -86.6170308]
[27.2730492, -80.3582261]
[32.9110027, -111.7733902]
[33.8365932, -117.9143012]
[36.910231, -121.7568946]
[35.052565, -97.93643259999999]
[40.6781784, -73.9441579]
[29.4241219, -98.49362819999999]
[39.0997265, -94.5785667]
[38.6270025, -90.19940419999999]
[35.9940329, -78.898619]
[40.735657, -74.1723667]
[27.8160523, -82.6834453]
[42.8128096, -86.08838949999999]
[41.8781136, -87.6297982]
[41.8781136, -87.6297982]
[31.3271189, -89.29033919999999]
[32.2217429, -110.926479]
[33.6292337, -112.3679279]
[43.986313, -70.6180214]
[41.8781136, -87.6297982]
[30.4582829, -91.1403196]
[39.9611755, -82.99879419999999]
[34.0522342, -118.2436849]
[35.7344538, -81.3444573]
[42.46676300000001, -70.9494938]
[29.5293998, -95.2010447]
[39.7628227, -86.3997167]
[34.3064966, -82.663743]
[39.0997265, -94.5785667]
[47.2528768, -122.4442906]
[32.2217429, -110.926479]
[35.4014712, -93.1143407]
[34.7312005, -87.70253]
[32.3199396, -106.7636538]
[29.9840922, -90.1528519]
[41.6819935, -85.9766671]
[38.0608445, -97.92977429999999]
[45.5230622, -122.6764815]
[28.8613765, -81.9064705]
[32.7766642, -96.79698789999999]
[29.7604267, -95.3698028]
[42.4999942, -96.40030689999999]
[40.2750705, -80.4606225]
[33.1031744, -96.67055030000002]
[40.7345429, -75.2128996]
[33.9204354, -80.3414693]
[39.6136578, -86.10665259999999]
[40.8673915, -97.5920867]
[39.4850848, -80.1425781]
[27.5305671, -99.48032409999999]
[35.1359386, -114.5285981]
[37.2811339, -98.580361]
[35.3732921, -119.0187125]
[32.5537585, -83.8874084]
[39.9525839, -75.1652215]
[39.2903848, -76.6121893]
[33.3870578, -84.2829784]
[33.9930677, -117.9686755]
[44.9192844, -123.3170472]
[34.0522342, -118.2436849]
[34.0522342, -118.2436849]
[45.815115, -122.7426008]
[36.1539816, -95.99277500000001]
[35.7965205, -81.4306457]
[33.7475203, -116.9719684]
[26.1947962, -98.1836216]
[32.9786566, -115.530267]
[36.706981, -97.0855948]
[41.2958751, -86.6250139]
[39.5296329, -119.8138027]
[36.082156, -94.17185420000001]
[37.9577016, -121.2907796]
[30.820742, -88.07055559999999]
[36.139678, -120.3601496]
[38.8851122, -76.9158068]
[44.0581728, -121.3153096]
[28.0780718, -82.7637127]
[34.0686206, -118.0275667]
[27.9014133, -81.58590989999999]
[33.9830688, -118.096735]
[38.9071923, -77.0368707]
[35.7361886, -91.67986189999999]
[30.0688512, -81.8603778]
[39.2190608, -121.0610606]
[29.5635666, -95.2860474]
[41.8428094, -87.8231138]
[28.747482, -98.3025107]
[39.21886629999999, -76.0690036]
[25.7616798, -80.1917902]
[30.42130899999999, -87.2169149]
[26.771624, -80.238888]
[40.4155273, -78.0195387]
[39.9242266, -83.8088171]
[41.8897519, -87.98895429999999]
[34.1014873, -84.5193754]
[29.7604267, -95.3698028]
[33.1031744, -96.67055030000002]
[40.6781784, -73.9441579]
[40.6781784, -73.9441579]
[34.055103, -117.7499909]
[37.6195246, -84.5779957]
[38.3345045, -86.4641498]
[35.2400807, -85.83969789999999]
[41.2331116, -80.4934035]
[37.3662293, -81.1025918]
[39.1978788, -76.7625073]
[39.8961821, -104.9811468]
[39.0911161, -94.41550679999999]
[35.0853336, -106.6055534]
[33.4483771, -112.0740373]
[38.6270025, -90.19940419999999]
[34.0522342, -118.2436849]
[35.52174, -88.3425424]
[33.6680772, -117.3272615]
[39.9259463, -75.1196199]
[29.1871986, -82.14009229999999]
[46.1635704, -93.7574724]
[37.3265112, -80.7350711]
[21.6802778, -157.9511111]
[30.267153, -97.7430608]
[40.7127837, -74.0059413]
[33.7700504, -118.1937395]
[41.8781136, -87.6297982]
[47.6587802, -117.4260465]
[33.4712253, -84.5971524]
[38.9695545, -77.3860976]
[35.2359025, -85.1907904]
[34.1355582, -116.0541689]
[36.6777372, -121.6555013]
[36.10924869999999, -94.5702202]
[32.7766642, -96.79698789999999]
[34.0522342, -118.2436849]
[41.5933696, -87.3464271]
[47.9252568, -97.0328547]
[38.789217, -90.322614]
[29.6516344, -82.32482619999999]
[33.399661, -91.0377029]
[35.778868, -115.3238828]
[44.0952725, -69.37560169999999]
[40.44062479999999, -79.9958864]
[38.1040864, -122.2566367]
[32.37962940000001, -81.6631659]
[39.78172130000001, -89.6501481]
[29.9940924, -90.2417434]
[39.1097268, -94.4446742]
[29.95106579999999, -90.0715323]
[32.3199396, -106.7636538]
[40.0378755, -76.3055144]
[33.6142714, -85.8349648]
[34.9918587, -90.0022958]
[44.1930179, -90.6476354]
[39.3634405, -76.5205199]
[44.811349, -91.4984941]
[30.8940431, -102.8793222]
[41.4832665, -72.15938419999999]
[33.7454725, -117.867653]
[34.7206515, -95.89915859999999]
[36.7468422, -119.7725868]
[37.63909719999999, -120.9968782]
[32.735687, -97.10806559999999]
[34.1283442, -117.2086513]
[30.1660736, -81.706484]
[39.1969804, -120.2357055]
[35.3456038, -101.3804447]
[35.7344538, -81.3444573]
[34.5365518, -79.2914306]
[41.8794758, -87.81367]
[32.8140177, -96.9488945]
[31.1799407, -83.7888387]
[37.5482697, -121.9885719]
[39.8775553, -84.3021672]
[38.2544472, -104.6091409]
[30.3321838, -81.65565099999999]
[34.0194543, -118.4911912]
[35.5342414, -87.20695409999999]
[39.2903848, -76.6121893]
[41.2576207, -80.7325287]
[37.7478572, -84.2946539]
[35.072562, -98.2436625]
[48.01509799999999, -122.0637425]
[45.5230622, -122.6764815]
[35.6780769, -108.1511785]
[45.6318397, -122.6716063]
[44.45888069999999, -69.67776049999999]
[44.45888069999999, -69.67776049999999]
[41.8781136, -87.6297982]
[36.0726354, -79.7919754]
[39.427337, -75.2340768]
[34.85261759999999, -82.3940104]
[39.0997265, -94.5785667]
[38.2526647, -85.7584557]
[35.9940329, -78.898619]
[34.4208305, -119.6981901]
[35.9606384, -83.9207392]
[42.331427, -83.0457538]
[39.9611755, -82.99879419999999]
[38.677269, -87.5286325]
[39.5214373, -85.7769238]
[35.9940329, -78.898619]
[37.3058839, -89.51814759999999]
[37.3138267, -121.0207614]
[40.6781784, -73.9441579]
[29.4241219, -98.49362819999999]
[33.8883487, -118.3089624]
[40.65180230000001, -122.9438195]
[32.7459645, -96.99778459999999]
[36.1539816, -95.99277500000001]
[61.5118164, -149.9663271]
[36.0811881, -79.1690315]
[41.1536674, -81.3578859]
[40.7127837, -74.0059413]
[36.383956, -92.58155269999999]
[32.2217429, -110.926479]
[39.7674578, -94.84668099999999]
[28.5552719, -82.3878709]
[41.1616108, -112.0263313]
[41.223, -111.9738304]
[38.8338816, -104.8213634]
[37.3662293, -81.1025918]
[30.267153, -97.7430608]
[38.0466779, -97.34503649999999]
[36.5736587, -96.7041988]
[39.9611755, -82.99879419999999]
[39.5296329, -119.8138027]
[38.9071923, -77.0368707]
[40.3356483, -75.9268747]
[29.0338575, -95.4343859]
[38.7907339, -121.2357828]
[26.9620053, -82.3525952]
[37.7394537, -121.1354141]
[40.7427465, -113.0051176]
[28.7499876, -82.29675809999999]
[35.2923513, -81.5356463]
[45.2618507, -89.9623372]
[31.3382406, -94.729097]
[44.921581, -89.688221]
[33.1433723, -117.1661449]
[33.4483771, -112.0740373]
[39.5296329, -119.8138027]
[40.9167654, -74.17181099999999]
[39.6477653, -104.9877597]
[36.3007835, -119.7829107]
[41.143245, -81.8552196]
[33.9871561, -118.3725116]
[40.2501864, -79.9752212]
[33.9533487, -117.3961564]
[35.2270869, -80.8431267]
[33.6594835, -117.9988026]
[33.1192068, -117.086421]
[30.5693593, -91.09693999999999]
[33.7879139, -117.8531007]
[48.7519112, -122.4786854]
[41.5931049, -81.5267873]
[39.3228841, -76.72802770000001]
[39.9537358, -74.1979458]
[47.2392665, -122.3570664]
[39.8366528, -105.0372046]
[30.1765914, -85.8054879]
[37.6688205, -122.0807964]
[33.4483771, -112.0740373]
[42.5144566, -83.01465259999999]
[43.0389025, -87.9064736]
[35.0526641, -78.87835849999999]
[28.9005446, -81.26367379999999]
[35.7847949, -89.1172883]
[35.2306435, -89.7403606]
[39.7284944, -121.8374777]
[37.68717609999999, -97.33005299999999]
[43.6187102, -116.2146068]
[38.5506084, -90.3331719]
[27.6753089, -80.40921809999999]
[28.3922182, -80.60771319999999]
[29.028318, -81.3031179]
[33.918797, -116.4394661]
[33.660684, -114.202294]
[37.4761991, -83.6749145]
[30.2140928, -92.3745761]
[44.89080209999999, -89.5476204]
[32.38818610000001, -98.97923360000001]
[34.0522342, -118.2436849]
[40.448208, -122.2977815]
[26.4614625, -80.0728201]
[34.7464809, -92.28959479999999]
[61.5813889, -149.4394444]
[35.4492404, -86.7888887]
[33.4956744, -88.4272627]
[39.172728, -77.20360409999999]
[40.4167022, -86.87528689999999]
[44.2444473, -86.324253]
[35.0456297, -85.3096801]
[42.3497355, -90.00679160000001]
[34.8742466, -97.0500217]
[39.6620397, -75.5668166]
[38.0372967, -84.8966171]
[40.3025907, -74.511172]
[30.0035365, -91.81872849999999]
[35.3732921, -119.0187125]
[38.2975381, -122.286865]
[41.5822716, -85.8344383]
[34.7464809, -92.28959479999999]
[40.1261743, -82.92906959999999]
[27.9094665, -82.7873244]
[43.4249934, -102.1765463]
[44.811349, -91.4984941]
[34.0633443, -117.6508876]
[41.49932, -81.6943605]
[29.7604267, -95.3698028]
[37.3875221, -97.11420629999999]
[41.9915062, -72.7017741]
[47.103988, -122.4345661]
[46.8266603, -100.8895761]
[40.9167654, -74.17181099999999]
[35.1464797, -90.1845388]
[33.6188829, -117.9298493]
[41.5357732, -80.76261520000001]
[45.0574658, -93.0738305]
[38.6248402, -79.2447608]
[39.7390721, -75.5397878]
[35.9404623, -97.5247243]
[47.6062095, -122.3320708]
[29.4241219, -98.49362819999999]
[32.2871413, -81.08066649999999]
[33.5386523, -112.1859866]
[33.5386523, -112.1859866]
[39.1404477, -121.6169108]
[41.5758707, -87.1761455]
[39.3995008, -84.5613355]
[34.5400242, -112.4685025]
[31.1171194, -97.72779589999999]
[39.7537146, -76.5913571]
[42.6953954, -123.3953424]
[40.735657, -74.1723667]
[32.7554883, -97.3307658]
[33.8816818, -118.1170117]
[32.8069216, -83.819985]
[30.3321838, -81.65565099999999]
[40.5992395, -77.571382]
[39.449556, -75.7163207]
[44.0805434, -103.2310149]
[33.7489954, -84.3879824]
[37.5629917, -122.3255254]
[32.7287413, -96.62277139999999]
[19.9788889, -155.2211111]
[37.0870821, -76.4730122]
[35.5264241, -105.9347424]
[32.8577324, -117.2054294]
[42.331427, -83.0457538]
[30.3118769, -95.45605119999999]
[32.8140177, -96.9488945]
[30.267153, -97.7430608]
[37.3382082, -121.8863286]
[37.3382082, -121.8863286]
[33.3968557, -84.59634319999999]
[37.7749295, -122.4194155]
[29.7857853, -95.8243956]
[32.715738, -117.1610838]
[36.1699412, -115.1398296]
[30.267153, -97.7430608]
[32.4709761, -85.0007653]
[42.88644679999999, -78.8783689]
[38.5890723, -121.302728]
[41.1865478, -73.19517669999999]
[30.3321838, -81.65565099999999]
[39.8366528, -105.0372046]
[33.9815369, -81.2362107]
[41.1144992, -83.1779746]
[42.5564732, -83.7411631]
[45.5230622, -122.6764815]
[38.6270025, -90.19940419999999]
[32.9421047, -116.8559394]
[32.735687, -97.10806559999999]
[45.7832856, -108.5006904]
[30.6010744, -87.77633329999999]
[38.9517053, -92.3340724]
[33.4483771, -112.0740373]
[37.5407246, -77.4360481]
[36.3134397, -82.3534727]
[32.9594891, -117.2653146]
[33.4255104, -111.9400054]
[31.7815585, -93.693794]
[28.5383355, -81.3792365]
[37.7749295, -122.4194155]
[34.0522342, -118.2436849]
[64.8377778, -147.7163888]
[38.6270025, -90.19940419999999]
[25.7616798, -80.1917902]
[35.79154, -78.7811169]
[43.4243008, -70.5141622]
[34.4263886, -117.3008784]
[31.3465627, -89.2600605]
[41.8781136, -87.6297982]
[27.5305671, -99.48032409999999]
[33.4355977, -112.3496021]
[37.8092279, -85.46690249999999]
[25.7616798, -80.1917902]
[44.7202096, -68.7904626]
[45.6318397, -122.6716063]
[36.7468422, -119.7725868]
[38.6270025, -90.19940419999999]
[35.8484645, -81.4959267]
[33.7700504, -118.1937395]
[35.3732921, -119.0187125]
[39.9525839, -75.1652215]
[35.4212021, -94.5146616]
[36.1539816, -95.99277500000001]
[47.30732279999999, -122.2284532]
[41.5138978, -92.0762891]
[43.0389025, -87.9064736]
[33.0198431, -96.6988856]
[39.1200471, -90.3284479]
[42.93759319999999, -70.83892190000002]
[38.6270025, -90.19940419999999]
[47.4668384, -122.3405305]
[38.8048355, -77.0469214]
[35.2436969, -89.35007139999999]
[42.8695335, -71.0345018]
[36.9613356, -120.0607176]
[34.1514989, -89.63147359999999]
[34.0165053, -118.1137535]
[43.0116784, -88.2314813]
[64.8377778, -147.7163888]
[32.7766642, -96.79698789999999]
[36.1699412, -115.1398296]
[33.954737, -118.2120161]
[35.9250637, -86.8688899]
[39.4512819, -84.5327038]
[38.3727872, -97.30308579999999]
[37.83920519999999, -94.3546719]
[33.9859409, -95.0135582]
[34.5794343, -118.1164613]
[34.1176605, -118.3520389]
[33.4483771, -112.0740373]
[31.2169307, -88.3145093]
[36.1539816, -95.99277500000001]
[47.3809335, -122.2348432]
[32.8546197, -79.9748103]
[36.1699412, -115.1398296]
[35.4917053, -105.6752935]
[34.0522342, -118.2436849]
[36.1626638, -86.7816016]
[39.768403, -86.158068]
[33.95260200000001, -84.5499327]
[28.9005446, -81.26367379999999]
[39.7392358, -104.990251]
[39.8366528, -105.0372046]
[33.5386523, -112.1859866]
[40.5852602, -105.084423]
[36.8507689, -76.28587259999999]
[38.0049214, -121.805789]
[39.8906122, -84.1988308]
[38.5200504, -89.9839935]
[46.2856907, -119.2844621]
[41.6005448, -93.6091064]
[35.4603711, -94.7874463]
[28.0186323, -82.1128641]
[30.6338092, -92.41929929999999]
[33.95260200000001, -84.5499327]
[29.4302514, -81.51062879999999]
[35.2451648, -78.3541685]
[40.9750568, -81.40816730000002]
[41.8781136, -87.6297982]
[41.0814447, -81.51900529999999]
[39.3762145, -77.154704]
[45.5102135, -92.99310539999999]
[43.0389025, -87.9064736]
[36.1699412, -115.1398296]
[35.2233311, -114.2230108]
[35.4675602, -97.5164276]
[34.3457189, -79.16559459999999]
[32.8961755, -109.8275815]
[28.1814008, -82.1575843]
[33.4353394, -112.3576567]
[34.85261759999999, -82.3940104]
[44.977753, -93.2650108]
[33.9424658, -117.2296717]
[32.735687, -97.10806559999999]
[36.8507689, -76.28587259999999]
[38.4729632, -77.9962512]
[29.4241219, -98.49362819999999]
[33.7026013, -86.5997096]
[44.0462362, -123.0220289]
[34.1111581, -109.291475]
[38.6446264, -121.2721718]
[35.6869752, -105.937799]
[43.4194699, -83.9508068]
[36.8689554, -94.36799599999999]
[38.6270025, -90.19940419999999]
[34.8855756, -112.4682271]
[33.7454725, -117.867653]
[26.2159066, -98.32529319999999]
[42.2439682, -71.9922867]
[44.811349, -91.4984941]
[39.7284944, -121.8374777]
[38.6270025, -90.19940419999999]
[37.5407246, -77.4360481]
[30.3321838, -81.65565099999999]
[33.4483771, -112.0740373]
[29.4241219, -98.49362819999999]
[39.7589478, -84.1916069]
[34.0522342, -118.2436849]
[32.7918133, -93.055718]
[34.0339031, -117.3136544]
[36.0041223, -120.1290272]
[47.4234599, -120.3103494]
[37.1229997, -120.2601754]
[42.9292419, -74.0520717]
[35.0853336, -106.6055534]
[43.3754405, -116.5290116]
[33.9311257, -117.548661]
[35.0853336, -106.6055534]
[37.0582786, -120.8499151]
[40.6781784, -73.9441579]
[31.549333, -97.1466695]
[36.4993007, -80.6072858]
[39.1404477, -121.6169108]
[36.1699412, -115.1398296]
[32.0148834, -93.34211649999999]
[37.9357576, -122.3477486]
[39.5309169, -80.343418]
[40.742551, -84.1052256]
[33.6060031, -78.97308869999999]
[39.649077, -119.7074096]
[32.715738, -117.1610838]
[32.4401578, -88.7108964]
[41.8103795, -79.0419053]
[38.440429, -122.7140548]
[39.0997265, -94.5785667]
[40.8042674, -74.012084]
[39.0886727, -94.4812434]
[39.0286093, -96.83139779999999]
[41.6389236, -87.60726799999999]
[47.3809335, -122.2348432]
[34.0522342, -118.2436849]
[29.7760599, -95.11465330000001]
[39.9525839, -75.1652215]
[40.0002463, -79.9976689]
[34.6478893, -83.54965659999999]
[43.8013556, -91.23958069999999]
[40.7607793, -111.8910474]
[46.2112458, -119.1372338]
[38.8338816, -104.8213634]
[30.3321838, -81.65565099999999]
[30.8365815, -83.9787808]
[34.0522342, -118.2436849]
[31.6671872, -86.3376761]
[40.8067546, -74.1854209]
[30.3321838, -81.65565099999999]
[33.4717732, -86.80082279999999]
[42.888627, -88.03841949999999]
[40.3697905, -80.63396379999999]
[38.6270025, -90.19940419999999]
[35.0853336, -106.6055534]
[34.0522342, -118.2436849]
[38.8813958, -94.81912849999999]
[42.6907443, -83.4066132]
[32.7425516, -117.0314172]
[40.7706187, -74.2326478]
[30.3321838, -81.65565099999999]
[33.6715142, -83.1059865]
[34.2284312, -92.00319549999999]
[36.72805830000001, -108.2186856]
[39.68950359999999, -84.1688274]
[38.2020214, -83.92936809999999]
[41.5770433, -73.4085463]
[38.0466779, -97.34503649999999]
[37.9715592, -87.5710898]
[33.8137125, -85.76135359999999]
[32.8579056, -97.25473710000001]
[25.7616798, -80.1917902]
[38.5815719, -121.4943996]
[35.3732921, -119.0187125]
[26.640628, -81.8723084]
[43.5170325, -73.2362261]
[42.4500845, -73.2453824]
[33.9294606, -116.977248]
[46.1381676, -122.9381672]
[41.0814447, -81.51900529999999]
[33.6890603, -78.8866943]
[32.4609764, -84.9877094]
[41.6639383, -83.55521200000001]
[30.0799405, -95.41716009999999]
[35.5478513, -87.5519628]
[25.7081577, -80.4069986]
[34.0522342, -118.2436849]
[38.5815719, -121.4943996]
[35.2219971, -101.8312969]
[36.9289502, -93.92770709999999]
[33.5939281, -112.3029362]
[47.2528768, -122.4442906]
[41.8781136, -87.6297982]
[47.4941836, -111.2833449]
[35.137265, -85.2368219]
[34.0541034, -117.9893301]
[33.6639137, -114.2299486]
[38.6378762, -80.8584357]
[38.8120591, -77.6363806]
[47.2392665, -122.3570664]
[37.3382082, -121.8863286]
[33.7489954, -84.3879824]
[48.2931559, -122.6432244]
[39.2009242, -80.40425789999999]
[33.9245454, -85.6113501]
[36.6223478, -81.15092299999999]
[29.6657838, -95.0193728]
[32.6400541, -117.0841955]
[40.6936488, -89.5889864]
[47.2528768, -122.4442906]
[32.93123360000001, -96.4597089]
[33.1958696, -117.3794834]
[33.9815369, -81.2362107]
[41.1144992, -83.1779746]
[42.5564732, -83.7411631]
[45.5230622, -122.6764815]
[38.6270025, -90.19940419999999]
[32.9421047, -116.8559394]
[39.9525839, -75.1652215]
[45.7832856, -108.5006904]
[30.6010744, -87.77633329999999]
[26.9342246, -80.0942087]
[43.0166806, -88.0070315]
[38.9517053, -92.3340724]
[35.189443, -114.0530065]
[37.0478982, -80.7797935]
[33.4483771, -112.0740373]
[37.5407246, -77.4360481]
[33.7700504, -118.1937395]
[38.9071923, -77.0368707]
[45.892428, -111.5521925]
[38.8816208, -77.09098089999999]
[44.4466514, -69.8321003]
[37.6624312, -121.8746789]
[44.2619309, -88.41538469999999]
[40.6084305, -75.4901833]
[31.7815585, -93.693794]
[28.5383355, -81.3792365]
[43.1329504, -115.6911975]
[33.5386523, -112.1859866]
[35.9606384, -83.9207392]
[40.79894729999999, -81.378447]
[34.0522342, -118.2436849]
[64.8377778, -147.7163888]
[35.1125344, -107.8826751]
[32.2217429, -110.926479]
[33.8126059, -84.6343783]
[25.7616798, -80.1917902]
[35.79154, -78.7811169]
[43.4243008, -70.5141622]
[39.3703778, -78.09555630000001]
[40.7607793, -111.8910474]
[34.4263886, -117.3008784]
[39.5807452, -104.8771726]
[36.1699412, -115.1398296]
[30.6319034, -81.6064866]
[31.5718352, -85.2504893]
[31.3465627, -89.2600605]
[41.8781136, -87.6297982]
[27.5305671, -99.48032409999999]
[33.4355977, -112.3496021]
[30.5621807, -81.8306621]
[32.60757950000001, -116.4697321]
[25.7616798, -80.1917902]
[27.9014133, -81.58590989999999]
[29.4241219, -98.49362819999999]
[44.7202096, -68.7904626]
[45.6318397, -122.6716063]
[38.6270025, -90.19940419999999]
[39.2506633, -76.5205184]
[35.8484645, -81.4959267]
[33.7700504, -118.1937395]
[35.3732921, -119.0187125]
[39.9525839, -75.1652215]
[35.4212021, -94.5146616]
[41.8133651, -87.8181128]
[25.7616798, -80.1917902]
[47.30732279999999, -122.2284532]
[41.5138978, -92.0762891]
[43.0389025, -87.9064736]
[36.5707838, -119.6120765]
[33.0198431, -96.6988856]
[30.0887073, -91.90627630000002]
[39.1200471, -90.3284479]
[30.4582829, -91.1403196]
[47.4668384, -122.3405305]
[35.2436969, -89.35007139999999]
[34.1514989, -89.63147359999999]
[34.1064001, -117.3703235]
[36.9613356, -120.0607176]
[34.1514989, -89.63147359999999]
[38.0049214, -121.805789]
[34.0165053, -118.1137535]
[44.0805434, -103.2310149]
[47.6062095, -122.3320708]
[43.0116784, -88.2314813]
[64.8377778, -147.7163888]
[32.7766642, -96.79698789999999]
[36.1699412, -115.1398296]
[33.954737, -118.2120161]
[35.9250637, -86.8688899]
[38.3727872, -97.30308579999999]
[37.83920519999999, -94.3546719]
[33.9859409, -95.0135582]
[34.5794343, -118.1164613]
[33.4483771, -112.0740373]
[36.1539816, -95.99277500000001]
[47.3809335, -122.2348432]
[32.8546197, -79.9748103]
[35.4675602, -97.5164276]
[33.4483771, -112.0740373]
[36.1699412, -115.1398296]
[35.4917053, -105.6752935]
[35.2219971, -101.8312969]
[36.1626638, -86.7816016]
[39.768403, -86.158068]
[34.1808392, -118.3089661]
[33.95260200000001, -84.5499327]
[28.9005446, -81.26367379999999]
[39.7392358, -104.990251]
[40.3977612, -105.0749801]
[33.5386523, -112.1859866]
[40.2180969, -89.28259249999999]
[36.8507689, -76.28587259999999]
[47.6587802, -117.4260465]
[39.9567548, -86.01335]
[32.5437575, -83.5960161]
[37.5883253, -108.7654801]
[38.0049214, -121.805789]
[39.8596261, -105.0158511]
[39.8906122, -84.1988308]
[40.9180005, -111.8721601]
[46.2856907, -119.2844621]
[40.7127837, -74.0059413]
[41.6005448, -93.6091064]
[38.224776, -90.2334494]
[35.4603711, -94.7874463]
[44.7975466, -69.8797486]
[34.7303688, -86.5861037]
[39.9611755, -82.99879419999999]
[47.03426289999999, -122.8231915]
[29.4302514, -81.51062879999999]
[40.9750568, -81.40816730000002]
[47.62487910000001, -122.5210007]
[41.0814447, -81.51900529999999]
[39.3762145, -77.154704]
[45.5102135, -92.99310539999999]
[43.0389025, -87.9064736]
[36.1699412, -115.1398296]
[39.3111112, -94.9224637]
[35.2233311, -114.2230108]
[35.1216424, -120.6212821]
[28.1814008, -82.1575843]
[33.4353394, -112.3576567]
[34.0522342, -118.2436849]
[32.3199396, -106.7636538]
[38.4729632, -77.9962512]
[38.6446264, -121.2721718]
[35.6869752, -105.937799]
[43.4194699, -83.9508068]
[36.8689554, -94.36799599999999]
[38.6270025, -90.19940419999999]
[26.2159066, -98.32529319999999]
[44.811349, -91.4984941]
[34.9918587, -90.0022958]
[38.6270025, -90.19940419999999]
[37.5407246, -77.4360481]
[30.3321838, -81.65565099999999]
[33.4355977, -112.3496021]
[35.2145336, -90.1964835]
[33.4483771, -112.0740373]
[27.6386434, -80.39727359999999]
[39.7589478, -84.1916069]
[34.0522342, -118.2436849]
[32.7918133, -93.055718]
[37.1229997, -120.2601754]
[42.9292419, -74.0520717]
[39.0997265, -94.5785667]
[35.0853336, -106.6055534]
[33.9311257, -117.548661]
[35.0853336, -106.6055534]
[37.0582786, -120.8499151]
[40.6781784, -73.9441579]
[31.549333, -97.1466695]
[36.3302284, -119.2920585]
[39.1404477, -121.6169108]
[36.1699412, -115.1398296]
[32.0148834, -93.34211649999999]
[37.9357576, -122.3477486]
[33.7489954, -84.3879824]
[39.5309169, -80.343418]
[33.6060031, -78.97308869999999]
[32.715738, -117.1610838]
[32.4401578, -88.7108964]
[42.7194778, -82.492132]
[41.8103795, -79.0419053]
[39.577847, -82.2376489]
[38.440429, -122.7140548]
[35.9533956, -87.3275828]
[39.0997265, -94.5785667]
[40.8042674, -74.012084]
[37.68717609999999, -97.33005299999999]
[39.0886727, -94.4812434]
[39.0286093, -96.83139779999999]
[41.6389236, -87.60726799999999]
[41.4942021, -87.52170679999999]
[34.0522342, -118.2436849]
[39.9525839, -75.1652215]
[40.0002463, -79.9976689]
[43.8013556, -91.23958069999999]
[35.8154772, -83.2477597]
[40.7607793, -111.8910474]
[46.2112458, -119.1372338]
[38.8338816, -104.8213634]
[30.8365815, -83.9787808]
[34.0522342, -118.2436849]
[37.6818745, -121.7680088]
[31.6671872, -86.3376761]
[33.4483771, -112.0740373]
[40.8067546, -74.1854209]
[39.8247986, -79.7544923]
[30.3321838, -81.65565099999999]
[33.4717732, -86.80082279999999]
[36.2261815, -92.6848876]
[40.0578384, -74.1371832]
[35.7454071, -81.6848188]
[37.9452861, -104.8352628]
[42.888627, -88.03841949999999]
[40.3697905, -80.63396379999999]
[38.6270025, -90.19940419999999]
[34.8652574, -120.4359966]
[34.0522342, -118.2436849]
[38.8813958, -94.81912849999999]
[42.6907443, -83.4066132]
[32.7425516, -117.0314172]
[40.7706187, -74.2326478]
[30.3321838, -81.65565099999999]
[33.6715142, -83.1059865]
[34.2284312, -92.00319549999999]
[39.68950359999999, -84.1688274]
[38.2020214, -83.92936809999999]
[41.5770433, -73.4085463]
[32.598888, -92.6983868]
[32.8579056, -97.25473710000001]
[38.5815719, -121.4943996]
[26.640628, -81.8723084]
[42.4500845, -73.2453824]
[33.9294606, -116.977248]
[46.1381676, -122.9381672]
[32.4609764, -84.9877094]
[30.0799405, -95.41716009999999]
[35.5478513, -87.5519628]
[25.7081577, -80.4069986]
[35.2270869, -80.8431267]
[34.0522342, -118.2436849]
[38.5815719, -121.4943996]
[35.2219971, -101.8312969]
[36.9289502, -93.92770709999999]
[40.8665166, -124.0828396]
[33.5939281, -112.3029362]
[35.410694, -80.84285040000002]
[47.2528768, -122.4442906]
[33.0198431, -96.6988856]
[41.8781136, -87.6297982]
[47.4941836, -111.2833449]
[35.137265, -85.2368219]
[33.6639137, -114.2299486]
[38.6378762, -80.8584357]
[38.8120591, -77.6363806]
[33.6890603, -78.8866943]
[25.9812024, -80.14837899999999]
[37.3382082, -121.8863286]
[34.0522342, -118.2436849]
[48.2931559, -122.6432244]
[39.2009242, -80.40425789999999]
[33.9245454, -85.6113501]
[34.9854275, -80.5495112]
[36.6223478, -81.15092299999999]
[32.8220876, -92.6579295]
[29.6657838, -95.0193728]
[32.6400541, -117.0841955]
[35.4675602, -97.5164276]
[40.6936488, -89.5889864]
[34.7303688, -86.5861037]
[39.7392358, -104.990251]
[32.93123360000001, -96.4597089]
[37.6818745, -121.7680088]
[31.6671872, -86.3376761]
[33.4483771, -112.0740373]
[39.8247986, -79.7544923]
[33.4717732, -86.80082279999999]
[40.0578384, -74.1371832]
[36.9613356, -120.0607176]
[42.888627, -88.03841949999999]
[40.3697905, -80.63396379999999]
[43.5377608, -89.30011739999999]
[38.6270025, -90.19940419999999]
[35.0853336, -106.6055534]
[34.0522342, -118.2436849]
[32.7425516, -117.0314172]
[26.1669711, -80.25659499999999]
[33.6715142, -83.1059865]
[34.2284312, -92.00319549999999]
[36.72805830000001, -108.2186856]
[39.68950359999999, -84.1688274]
[38.2020214, -83.92936809999999]
[41.5770433, -73.4085463]
[37.9715592, -87.5710898]
[32.598888, -92.6983868]
[25.7616798, -80.1917902]
[38.5815719, -121.4943996]
[35.3732921, -119.0187125]
[26.640628, -81.8723084]
[42.4500845, -73.2453824]
[43.0389025, -87.9064736]
[46.1381676, -122.9381672]
[41.0814447, -81.51900529999999]
[33.6890603, -78.8866943]
[32.4609764, -84.9877094]
[41.6639383, -83.55521200000001]
[30.0799405, -95.41716009999999]
[25.7081577, -80.4069986]
[35.2270869, -80.8431267]
[34.0522342, -118.2436849]
[35.2219971, -101.8312969]
[36.9289502, -93.92770709999999]
[40.8665166, -124.0828396]
[33.5939281, -112.3029362]
[35.410694, -80.84285040000002]
[47.2528768, -122.4442906]
[33.0198431, -96.6988856]
[41.8781136, -87.6297982]
[47.4941836, -111.2833449]
[35.137265, -85.2368219]
[34.0541034, -117.9893301]
[33.6639137, -114.2299486]
[38.6378762, -80.8584357]
[38.8120591, -77.6363806]
[33.6890603, -78.8866943]
[47.2392665, -122.3570664]
[25.9812024, -80.14837899999999]
[37.3382082, -121.8863286]
[34.0522342, -118.2436849]
[48.2931559, -122.6432244]
[33.9245454, -85.6113501]
[34.9854275, -80.5495112]
[36.6223478, -81.15092299999999]
[32.8220876, -92.6579295]
[29.6657838, -95.0193728]
[32.6400541, -117.0841955]
[35.4675602, -97.5164276]
[40.6936488, -89.5889864]
[34.0273209, -95.8691422]
[34.0541034, -117.9893301]
[33.6639137, -114.2299486]
[38.8120591, -77.6363806]
[33.6890603, -78.8866943]
[25.9812024, -80.14837899999999]
[33.7489954, -84.3879824]
[34.0522342, -118.2436849]
[48.2931559, -122.6432244]
[39.2009242, -80.40425789999999]
[33.9245454, -85.6113501]
[36.6223478, -81.15092299999999]
[32.8220876, -92.6579295]
[29.6657838, -95.0193728]
[34.7303688, -86.5861037]
[34.0273209, -95.8691422]
[47.2528768, -122.4442906]
[39.7392358, -104.990251]
[32.93123360000001, -96.4597089]
[33.1958696, -117.3794834]
[40.6936488, -89.5889864]
[34.7303688, -86.5861037]
[34.0273209, -95.8691422]
[47.2528768, -122.4442906]
[32.93123360000001, -96.4597089]
[32.93123360000001, -96.4597089]
[33.1958696, -117.3794834]
