-122.6370634
-123.1007066
-122.8670454
-97.33005299999999
-122.4194155
-104.6921874
-97.42531849999999
-111.8412502
-97.6044806
-91.1128901
-77.4388719
-121.2907796
-95.35966169999999
-82.99879419999999
-93.6091064
-90.0715323
-108.3015174
-111.8910474
-92.35668609999999
-112.0646657
-91.9690284
-106.4850217
-88.30643669999999
-118.2120161
-115.1175013
-106.6055534
-98.5464068
-93.0899578
-91.13530200000001
-76.2874927
-74.307282
-95.4343859
-111.8638226
-86.158068
-104.8319195
-93.2982799
-122.0399663
-92.38136209999999
-96.1008056
-121.9885719
-95.3696909
-118.2436849
-97.3307658
-112.0476423
-82.9259979
-70.94103559999999
-111.9260519
-116.9719684
-99.154991
-90.19940419999999
-71.3273346
-105.3571764
-94.74048909999999
-97.7430608
-80.13731740000001
-102.37796
-97.3307658
-111.7924237
-76.6121893
-104.6091409
-74.8623203
-104.990251
-93.3866185
-101.7937669
-119.3409457
-112.0740373
-109.3280282
-82.99879419999999
-95.99798829999999
-97.76669989999999
-121.2907796
-95.80856229999999
-97.0583681
-85.7053085
-108.5006904
-95.3698028
-76.79525249999999
-83.8888647
-76.7083033
-117.1858759
-90.19940419999999
-122.2852473
-121.805789
-82.8498654
-84.28073289999999
-81.3792365
-111.9400054
-111.9400054
-97.21555959999999
-90.0489801
-117.688944
-97.5164276
-117.0619755
-81.18730049999999
-149.9002778
-97.7430608
-73.989306
-81.2518833
-97.7258626
-68.1203515
-96.79698789999999
-119.1005657
-90.04665589999999
-107.5364443
-121.8863286
-85.76356919999999
-117.2897652
-94.6274636
-75.9268747
-88.5745001
-110.6309289
-76.47496199999999
-99.48032409999999
-80.2456045
-88.19004149999999
-122.4374803
-111.2224422
-116.2146068
-111.6585337
-81.20781640000001
-93.29229889999999
-84.75244819999999
-71.23422479999999
-100.8958674
-80.8431267
-95.3698028
-97.08195409999999
-86.80082279999999
-86.80248999999999
-105.6588485
-86.158068
-80.5886646
-75.4901833
-95.99798829999999
-90.95621249999999
-84.683824
-83.5248933
-86.36191629999999
-88.019826
-97.5164276
-115.1398296
-87.41390919999999
-81.9498042
-122.4194155
-89.0928155
-83.8354542
-117.867653
-82.4559598
-84.87763919999999
-90.19940419999999
-110.926479
-92.3340724
-77.5358049
-113.9536466
-89.68925019999999
-118.2436849
-95.3698028
-88.0817251
-75.5993692
-111.9400054
-81.26367379999999
-121.2907796
-87.9064736
-118.3089661
-96.6851982
-104.8319195
-81.95926349999999
-89.4012302
-112.0740373
-97.5164276
-75.4596404
-117.9143012
-82.7342919
-109.0145613
-80.7419984
-84.3879824
-91.1403196
-81.163168
-117.6508876
-81.6943605
-90.0489801
-117.867653
-114.0530065
-118.2436849
-87.7730474
-86.8113781
-75.83327179999999
-77.0368707
-94.5785667
-117.435048
-122.0651819
-122.286865
-98.49362819999999
-80.5959065
-87.82118539999999
-90.3164819
-93.0899578
-81.18730049999999
-95.1163261
-121.4943996
-122.8755949
-78.726407
-122.4194155
-119.0187125
-112.1859866
-84.28073289999999
-81.65565099999999
-122.2648752
-119.0187125
-87.30161319999999
-81.6943605
-116.6201357
-109.0603825
-90.0715323
-96.2800864
-78.06473869999999
-87.069919
-82.99879419999999
-112.0098791
-122.2566367
-122.6764815
-73.2103934
-121.9552356
-88.4470508
-76.2982742
-121.8863286
-84.51437609999999
-79.4492228
-118.2914872
-112.1859866
-94.9271868
-118.2643567
-117.2919818
-80.3256056
-119.0187125
-71.88006279999999
-119.1770516
-78.76862969999999
-71.0588801
-83.05656789999999
-85.8649408
-123.0867536
-114.8345117
-82.4996398
-94.97742740000001
-76.7267773
-118.3525748
-74.6796651
-90.5787476
-88.73199790000001
-95.99277500000001
-92.4343035
-78.1633341
-87.83285049999999
-79.9748103
-117.8531007
-106.1914141
-112.0740373
-118.4489739
-86.158068
-90.0772944
-112.2493671
-97.0068393
-98.49362819999999
-83.2784851
-118.2436849
-122.0363496
-96.2136136
-86.91232169999999
-86.8789044
-77.1735312
-81.9817726
-122.1791556
-95.68901849999999
-96.108891
-86.158068
-97.5164276
-78.5030622
-90.1842764
-96.8570738
-90.704279
-80.1917902
-81.9320482
-95.3698028
-92.3340724
-105.2253316
-117.6897776
-119.2717761
-87.6297982
-116.9719684
-90.26039030000001
-112.0740373
-85.6602058
-84.6616105
-102.9774497
-98.32529319999999
-74.7429384
-122.518458
-81.1831513
-118.2436849
-76.2982742
-109.9284084
-73.7948516
-97.3307658
-105.2769348
-118.4571974
-95.1441197
-118.1937395
-122.8163802
-123.0867536
-94.8774554
-104.5005407
-97.0035982
-74.0059413
-81.77285429999999
-94.7608801
-119.8815203
-117.9544069
-83.0457538
-82.5154471
-90.0715323
-88.9331256
-97.93643259999999
-111.8314724
-121.3716178
-84.3879824
-77.5424809
-86.7816016
-117.1610838
-106.4850217
-75.6046494
-109.9887605
-96.63888329999999
-96.63888329999999
-106.6055534
-83.3562912
-119.1372338
-118.4694832
-118.0467339
-80.7797935
-78.50972279999999
-83.9879625
-73.9695832
-118.0647871
-110.9106656
-75.94632399999999
-90.0772944
-93.2632821
-122.4442906
-76.8966397
-97.3307658
-81.31243409999999
-81.65565099999999
-157.8583333
-117.602832
-85.5800022
-81.31243409999999
-89.0939952
-121.4943996
-87.6467131
-117.1610838
-82.6267345
-105.6588485
-77.09098089999999
-92.0165336
-108.5506486
-76.3055144
-81.4831714
-87.1111676
-105.5022205
-95.99798829999999
-106.4850217
-80.13731740000001
-79.9748103
-74.0434736
-79.93105120000001
-79.0780831
-83.0457538
-93.2282613
-109.291475
-97.7430608
-86.5861037
-122.0981847
-73.7948516
-93.7321228
-74.11188349999999
-97.47809540000002
-83.2187677
-118.1937395
-116.7664109
-80.7709014
-104.9811468
-85.0766113
-83.1782587
-74.1243063
-95.9832577
-123.4670077
-112.0098791
-86.7816016
-122.8755949
-95.6307891
-77.6930602
-71.1270268
-97.5458565
-119.2470536
-106.7333599
-96.83509989999999
-94.73631519999999
-74.7227291
-120.4357191
-79.95589679999999
-122.2711137
-82.2359254
-121.7568946
-102.0779146
-104.3232924
-80.60810889999999
-122.7439912
-86.0899847
-117.9143012
-112.2718239
-83.6499321
-95.6160549
-84.5120196
-93.6091064
-73.8648268
-80.1247667
-87.0352831
-80.1917902
-98.5721016
-74.0434736
-86.13360329999999
-85.1393513
-85.7584557
-96.7130521
-121.2907796
-80.7419984
-119.9771868
-119.2920585
-98.8208889
-86.6294262
-103.1360403
-73.9707016
-71.0588801
-84.5120196
-104.7091322
-87.6297982
-117.9075627
-95.3698028
-80.9411858
-121.2810611
-82.0105148
-79.9958864
-86.158068
-97.92977429999999
-97.7972544
-95.99798829999999
-76.3868797
-76.7802528
-119.7725868
-74.29489830000001
-98.49362819999999
-94.969956
-122.6764815
-74.1040191
-83.3815429
-123.1987163
-123.4568737
-71.0183787
-117.1610838
-81.65565099999999
-80.8542568
-117.9389526
-118.1541632
-75.1196199
-80.1300455
-97.5164276
-83.29489219999999
-76.4730122
-114.9817213
-121.8746789
-97.7430608
-97.7430608
-118.0728424
-97.5164276
-71.96620089999999
-120.609084
-118.1339563
-118.2436849
-95.3698028
-111.8314724
-96.79698789999999
-119.0187125
-98.1633432
-74.4229266
-94.4446742
-85.8649408
-122.8037102
-81.47183869999999
-112.8279996
-112.0740373
-87.6297982
-122.1221869
-118.2436849
-94.5785667
-115.1398296
-83.8601827
-87.6297982
-121.5521858
-104.990251
-80.23310359999999
-97.7430608
-87.81394829999999
-106.313081
-84.17019599999999
-122.2719529
-70.9494938
-118.2436849
-81.8867451
-80.955924
-85.14698349999999
-117.2296717
-88.0075875
-80.4775569
-94.6274636
-85.3096801
-104.8202462
-86.2555067
-122.3320708
-81.3792365
-114.6141315
-90.0489801
-97.4974838
-105.084423
-112.0740373
-101.0523773
-84.5091102
-94.38407769999999
-121.9885719
-84.7452138
-80.1319893
-81.8853924
-89.6384532
-97.5164276
-75.1652215
-84.1916069
-93.4555093
-78.8866943
-105.3822069
-121.0218887
-118.3870991
-80.43311159999999
-90.0715323
-84.2963123
-115.1398296
-82.2798227
-93.7501789
-82.9532036
-81.1831513
-90.71953479999999
-105.2705456
-90.1670393
-106.7636538
-111.8338359
-119.7412875
-122.2719529
-97.3307658
-118.032844
-106.6055534
-104.5230242
-81.8440197
-110.926479
-95.3698028
-122.2711137
-76.5852462
-77.88245959999999
-85.3863599
-117.1610966
-88.1558785
-85.7584557
-88.0125865
-156.3319253
-77.4360481
-86.6715948
-122.4442906
-84.60466629999999
-106.4850217
-97.10806559999999
-115.1398296
-119.7725868
-114.8917978
-77.3663538
-118.1937395
-95.95106609999999
-80.17564809999999
-81.18730049999999
-117.4260465
-86.158068
-97.14362539999999
-75.78936039999999
-121.8863286
-111.789027
-116.553465
-97.1466695
-102.3676431
-122.2711137
-118.2436849
-116.9719684
-83.55521200000001
-103.1360403
-74.1502007
-98.7319703
-76.8894171
-72.4334173
-85.4735707
-122.0363496
-117.8125674
-119.7674034
-121.8863286
-99.1403189
-95.3698028
-121.8863286
-90.19940419999999
-83.2827093
-118.2022917
-82.8373558
-81.6395732
-87.56917349999999
-117.6508876
-122.8293192
-75.94133269999999
-78.50972279999999
-93.6221657
-73.69178509999999
-119.0187125
-97.33005299999999
-77.18078419999999
-81.65565099999999
-86.4958219
-74.1371832
-79.9719831
-115.1398296
-105.937799
-75.6054882
-82.3023128
-112.0740373
-80.1917902
-86.6199957
-85.3096801
-111.9391031
-96.79698789999999
-122.2711137
-117.1610838
-118.2436849
-98.49362819999999
-111.654923
-73.8370786
-94.74048909999999
-115.1175013
-98.49362819999999
-87.6297982
-96.76697
-110.926479
-105.0749801
-81.2223195
-81.4401129
-104.4032962
-112.4685025
-119.7725868
-98.0297992
-86.61999139999999
-123.703994
-97.68363839999999
-71.49483219999999
-78.898619
-117.6508876
-75.97798499999999
-75.97798499999999
-80.2377078
-93.7501789
-103.1360403
-119.7725868
-147.7163888
-88.0701033
-94.5785667
-147.7163888
-118.0275667
-74.9813084
-117.435048
-86.158068
-121.2722194
-118.1331593
-75.3557457
-105.0866504
-86.2516406
-83.95518539999999
-91.8382273
-95.76971309999999
-95.3988291
-87.8819594
-117.0172826
-89.9635162
-118.442425
-80.1917902
-118.2436849
-92.4451371
-103.7651984
-84.48473159999999
-84.41382589999999
-117.2897652
-87.3877899
-89.78117449999999
-88.24611829999999
-78.8689155
-85.7769238
-96.79698789999999
-121.8482855
-121.8482855
-95.55551299999999
-81.420901
-81.7886906
-122.2711137
-86.48217199999999
-120.56222
-115.1175013
-111.8910474
-96.6397822
-76.82942129999999
-81.20781640000001
-75.5397878
-80.1917902
-104.7008056
-93.0899578
-81.51900529999999
-87.6297982
-112.5868398
-91.1403196
-103.3485543
-118.2436849
-85.2860676
-97.2872402
-80.1917902
-117.0470434
-103.2310149
-93.29383519999999
-81.1881557
-110.2772856
-117.3703235
-122.8670454
-101.8312969
-118.451357
-87.66752919999999
-87.6297982
-97.1705678
-74.2846022
-81.51900529999999
-97.3967019
-121.8946761
-80.0533746
-76.86104619999999
-116.8651224
-70.880049
-72.38453009999999
-117.6467917
-85.2515482
-88.0747875
-117.2897652
-93.2173758
-82.2962268
-102.498757
-98.39592909999999
-90.4406506
-84.7999382
-81.7948103
-116.2155619
-121.822098
-87.32470769999999
-80.1917902
-82.99879419999999
-115.1398296
-81.7229086
-122.2059833
-122.4194155
-95.3698028
-95.3698028
-117.9436749
-83.6986568
-88.4272627
-120.9968782
-76.727745
-80.13865469999999
-119.7725868
-118.2436849
-85.7584557
-117.1610838
-107.2528069
-90.06563109999999
-91.6656232
-115.4988834
-119.4201204
-85.64474919999999
-93.7501789
-121.3282843
-82.8823826
-74.0868095
-117.3333772
-81.9495331
-116.4668036
-82.0131924
-88.1050853
-151.382264
-84.5049279
-77.4105409
-77.0368707
-82.4571776
-81.09983419999999
-117.2466838
-88.391154
-81.65565099999999
-123.0350963
-82.99879419999999
-87.5519628
-95.3698028
-82.9819282
-85.3705186
-96.5991593
-95.3698028
-95.163454
-104.8213634
-85.3782795
-94.3692926
-124.1636729
-116.4381985
-77.0368707
-92.0662356
-93.29229889999999
-95.3698028
-120.4829677
-117.2355851
-79.95589679999999
-96.3952963
-90.33511639999999
-80.03258670000001
-122.6764815
-115.1398296
-80.0767266
-81.9320482
-99.48032409999999
-80.7214417
-121.8863286
-118.2436849
-104.8213634
-121.8374777
-104.8205283
-112.6389244
-106.6055534
-122.4194155
-81.7195533
-76.6121893
-122.0363496
-88.86469799999999
-117.4854802
-81.3906678
-117.4854802
-122.2711137
-78.97280560000002
-75.1749671
-93.2650108
-95.9832577
-84.981754
-97.7972544
-80.1917902
-81.0739827
-97.7972544
-84.7249188
-74.35726460000001
-80.25032709999999
-86.7416374
-82.34518899999999
-80.3256056
-77.0368707
-84.8984775
-117.435048
-117.0172826
-96.5024916
-117.435048
-119.8138027
-104.990251
-97.39638099999999
-82.99879419999999
-93.2474098
-115.1398296
-75.1196199
-93.29229889999999
-109.291475
-93.2060163
-121.8374777
-93.43796390000001
-96.53832279999999
-84.5702338
-94.3618967
-112.2718239
-119.0187125
-96.6851982
-104.8319195
-84.3879824
-103.1598876
-68.77781379999999
-118.081733
-104.990251
-117.2897652
-117.2897652
-122.4194155
-98.49362819999999
-107.7586404
-102.0740255
-111.8314724
-80.01157010000001
-96.9488945
-80.1917902
-88.462609
-90.19940419999999
-116.2155619
-122.3320708
-81.5101208
-105.5911007
-73.89874689999999
-81.6943605
-86.2938637
-95.31691359999999
-86.158068
-82.2962268
-121.802173
-116.9719684
-110.926479
-86.158068
-85.3096801
-118.2114603
-97.4878023
-75.1812913
-117.2897652
-104.8319195
-97.10806559999999
-97.13306829999999
-122.7695986
-105.0555389
-90.0715323
-76.4394056
-88.9158953
-115.1398296
-118.1937395
-121.5682751
-115.1398296
-81.1642682
-81.17618949999999
-119.0376023
-81.3578859
-120.9968782
-83.46882040000001
-83.9207392
-105.5730665
-78.9750189
-118.2436849
-118.1164613
-101.8312969
-116.9719684
-84.7477136
-91.8992837
-75.35287790000001
-81.26367379999999
-104.8319195
-121.2988335
-84.5474435
-73.21207199999999
-82.3878709
-106.6055534
-83.17631449999999
-91.720681
-90.97815849999999
-84.5555347
-119.0167679
-80.8431267
-122.1430195
-112.0740373
-87.6297982
-87.6297982
-116.9337599
-88.5900235
-111.9400054
-91.5015002
-76.5835621
-121.016866
-118.072846
-119.7725868
-107.2386627
-115.1398296
-117.1610838
-110.5599556
-100.4503797
-96.73110340000001
-80.8431267
-93.2323813
-97.5164276
-122.9006951
-82.3534727
-80.8431267
-122.3916754
-120.9577098
-75.3076883
-87.83285049999999
-105.877212
-87.10237459999999
-88.4597673
-84.6768796
-122.9084445
-76.06272659999999
-118.4389719
-84.5120196
-104.990251
-76.958545
-149.9282138
-76.28587259999999
-83.56183500000002
-120.9392489
-89.1428573
-118.542586
-79.8467349
-83.2218731
-118.3520389
-98.49362819999999
-122.8037102
-116.9625269][26.68451
-86.04191689999999
-111.8910474
-111.8314724
-81.3792365
-122.8755949
-112.0740373
-122.0438298
-96.79698789999999
-83.2784851
-91.9540054
-86.57221539999999
-99.1403189
-95.58248460000002
-119.8138027
-119.0541032
-93.1732401
-105.937799
-83.17631449999999
-97.1416768
-84.56414699999999
-122.4442906
-95.99798829999999
-122.1188945
-70.9494938
-96.9488945
-85.0007653
-105.084423
-94.4446742
-119.0187125
-79.8819942
-81.4174057
-97.3639068
-122.0402399
-77.0368707
-106.6055534
-121.302728
-95.9566635
-82.14009229999999
-100.8534779
-111.8314724
-81.46085599999999
-155.0884869
-80.8322428
-123.9226385
-82.99879419999999
-91.98375519999999
-97.7430608
-90.0715323
-85.7584557
-76.27722229999999
-156.788611
-93.15661070000002
-95.81428849999999
-97.3307658
-91.1403196
-93.71216559999999
-78.3413918
-82.5748194
-84.5120196
-83.4571057
-117.867653
-95.46245479999999
-111.9738304
-82.21068760000001
-117.9143012
-122.518458
-88.19004149999999
-112.0740373
-118.3531311
-118.3531311
-149.8180556
-98.32529319999999
-91.1403196
-121.1354141
-112.0740373
-94.2816148
-105.4786412
-112.0740373
-104.6921874
-86.2999689
-119.2246073
-79.9414266
-98.49362819999999
-78.6381787
-80.5886646
-97.08195409999999
-88.6116854
-76.34829309999999
-111.789027
-93.6910292
-84.1177098
-78.74457199999999
-94.1265562
-97.5458565
-100.7837392
-118.2120161
-121.8863286
-95.68901849999999
-108.5006904
-104.2288375
-82.4571776
-88.88530779999999
-118.1937395
-102.3676431
-104.8352628
-88.9645253
-122.0402399
-95.3698028
-95.3698028
-79.7919754
-118.255075
-96.82916850000001
-84.2560299
-85.6113501
-75.3557457
-122.6716063
-87.6297982
-86.887219
-87.5710898
-97.3307658
-118.2481287
-98.49362819999999
-80.1875065
-95.3698028
-95.3698028
-121.6380069
-112.0339645
-87.6297982
-77.9636513
-73.5387341
-79.5447619
-77.4605399
-104.9719243
-119.7725868
-89.9089684
-71.0040013
-117.1825381
-104.6091409
-107.1957203
-94.2816148
-82.0990223
-78.8866943
-94.3821724
-110.6973571
-104.5230242
-77.5816353
-95.1610438
-82.4645714
-93.7102493
-118.2436849
-112.1859866
-115.1398296
-76.6121893
-76.6121893
-77.4360481
-102.3676431
-86.158068
-90.5989759
-86.158068
-86.4466599
-118.4571974
-122.4194155
-95.99798829999999
-121.4943996
-91.44071459999999
-85.64474919999999
-74.4518188
-75.1652215
-120.9968782
-73.97095829999999
-115.1398296
-87.6297982
-104.990251
-98.67503789999999
-85.46414209999999
-97.66420869999999
-117.3272615
-98.6286741
-85.3863599
-88.0956396
-106.4850217
-75.02596369999999
-74.0059413
-76.87552819999999
-84.5824329
-90.19940419999999
-80.4775569
-71.0536625
-97.7430608
-80.3256056
-111.8412502
-106.6055534
-97.8280575
-111.8754907
-84.3879824
-105.0372046
-80.1917902
-89.6662063
-89.6301221
-111.3873431
-118.2436849
-89.1172883
-119.2920585
-75.1652215
-122.3405305
-117.1483648
-93.0924093
-90.0539603
-87.9064736
-81.3792365
-80.58951669999999
-122.0637425
-82.6267345
-68.01586139999999
-118.1937395
-106.4850217
-88.8680853
-87.6297982
-94.6554874
-71.0897674
-104.8319195
-117.1610838
-104.7091322
-96.6655688
-118.2117257
-81.65565099999999
-112.0740373
-81.1625612
-84.23380929999999
-88.47729489999999
-84.4132594
-122.5770126
-74.0059413
-91.16042069999999
-115.1398296
-122.4194155
-121.2810611
-83.1013964
-80.1917902
-95.99798829999999
-80.1428584
-122.6067584
-111.651302
-80.14837899999999
-71.8647577
-81.65565099999999
-105.2705456
-122.4302013
-94.3488372
-106.6055534
-97.5164276
-93.0899578
-87.53893099999999
-98.49362819999999
-120.1376481
-106.8914159
-86.158068
-86.0187907
-106.6055534
-81.3031179
-78.32333249999999
-79.9069847
-122.7639851
-110.926479
-121.3153096
-84.79965729999999
-84.2963223
-76.28587259999999
-80.8431267
-149.4394444
-122.6344709
-85.1454876
-85.3863599
-81.9495331
-95.36941159999999
-120.8465941
-84.23380929999999
-94.5785667
-86.80248999999999
-88.7033859
-112.006882
-85.8124723
-73.9395687
-88.0398912
-71.2134231
-122.6716063
-116.2146068
-93.95355579999999
-101.8312969
-117.0841955
-95.99277500000001
-106.6055534
-121.328284[40.1149
-118.2436849
-81.3792365
-89.1172883
-82.3940104
-75.1652215
-122.3405305
-93.0924093
-87.9064736
-81.3792365
-80.58951669999999
-82.6267345
-68.01586139999999
-106.4850217
-88.8680853
-87.6297982
-81.8953647
-94.6554874
-117.1610838
-104.7091322
-96.6655688
-118.2117257
-112.0740373
-84.23380929999999
-84.4132594
-74.0059413
-91.16042069999999
-112.0740373
-115.1398296
-122.4194155
-121.2810611
-83.1013964
-95.99798829999999
-80.1428584
-111.651302
-80.14837899999999
-71.8647577
-81.65565099999999
-105.2705456
-111.651302
-122.4302013
-106.6055534
-97.5164276
-80.2456045
-93.0899578
-87.53893099999999
-98.49362819999999
-90.0928852
-120.1376481
-86.158068
-86.0187907
-95.3698028
-78.32333249999999
-79.9069847
-110.926479
-121.3153096
-112.0740373
-84.2963223
-76.28587259999999
-80.8431267
-149.4394444
-117.1303817
-122.6344709
-85.1454876
-85.3863599
-81.9495331
-82.99879419999999
-155.0884869
-120.8465941
-84.23380929999999
-94.5785667
-86.80248999999999
-93.93994699999999
-114.709677
-80.89865019999999
-104.6091409
-120.5058987
-88.7033859
-118.185349
-73.9395687
-88.0398912
-71.2134231
-122.6716063
-93.95355579999999
-117.0841955
-95.99277500000001
-87.9909531
-106.6055534
-112.5347775
-105.0372046
-86.5861037
-121.3282843
-74.0059413
-81.08066649999999
-114.3224548
-71.95167459999999
-106.313081
-104.8213634
-90.1517605
-88.0075875
-89.9839935
-108.0911535
-74.17181099999999
-94.2471515
-82.32648089999999
-119.7725868
-82.6995443
-83.8240663
-112.5837766
-84.2910759
-73.0724037
-96.6851982
-77.0368707
-83.35460979999999
-107.3828231
-75.46575419999999
-118.1937395
-157.8583333
-92.2236667
-91.31453499999999
-105.5943388
-105.3822069
-82.1892795
-84.7999382
-82.5514869
-82.18874439999999
-91.81872849999999
-119.8138027
-117.9242123
-79.9748103
-121.8863286
-91.1403196
-114.6276916
-93.166333
-97.9569845
-87.02110069999999
-110.926479
-94.7391045
-121.4943996
-90.1506465
-74.0059413
-86.4895463
-149.9002778
-111.651302
-76.6121893
-80.2645069
-117.2897652
-74.35726460000001
-87.71453
-95.99277500000001
-74.0059413
-91.1403196
-95.99277500000001
-87.6297982
-98.49362819999999
-87.9064736
-117.688944
-117.0844733
-108.7425843
-86.158068
-104.4032962
-90.1528519
-111.9400054
-111.9260519
-119.7526886
-116.3100095
-87.6297982
-118.2200712
-77.5355335
-86.80082279999999
-82.15319540000002
-120.4203382
-117.867653
-81.2000987
-77.4242972
-79.7553451
-95.3776663
-80.5886646
-115.466186
-112.0260538
-83.0457538
-82.605118
-77.6418724
-84.43937240000001
-116.9739167
-88.837329
-84.5120196
-76.8867008
-81.41232289999999
-85.7584557
-81.1606401
-84.55883109999999
-118.2436849
-82.4645714
-91.23427439999999
-122.2609558
-117.2425355
-94.969956
-122.0807964
-87.9064736
-77.1710914
-88.27353990000002
-118.2436849
-78.6377912
-83.3802744
-111.5495777
-122.9084445
-119.0187125
-80.8431267
-99.3267702
-117.0358646
-105.6588485
-118.2935891
-116.2155619
-84.5613355
-97.31446249999999
-96.86458560000001
-81.3792365
-105.084423
-118.2200712
-118.2200712
-115.1398296
-112.0740373
-79.95589679999999
-93.1668858
-78.6381787
-117.2897652
-114.0530065
-147.7163888
-122.2942839
-82.4571776
-97.7972544
-104.990251
-93.80448310000001
-83.7411631
-118.2250725
-104.7613633
-88.0934145
-90.19940419999999
-74.4229266
-120.2931263
-97.342782
-118.1937395
-81.35095319999999
-112.0740373
-82.4765352
-112.0740373
-84.15574099999999
-80.8075537
-85.7053085
-81.9498042
-90.0489801
-80.1247667
-105.2705456
-77.0368707
-122.0230146
-91.6656232
-117.3136547
-82.99879419999999
-97.7430608
-82.5728769
-116.860943
-95.99277500000001
-73.1856832
-116.977248
-86.5861037
-94.16324039999999
-95.41716009999999
-111.8338359
-111.8046654
-80.3582261
-71.97866259999999
-80.8431267
-86.7816016
-105.0372046
-96.1600132
-121.2721718
-76.7224727
-98.49362819999999
-72.33787439999999
-116.2381744
-95.3698028
-93.27772259999999
-116.9625269
-112.0740373
-75.1652215
-83.2784851
-114.0530065
-74.1723667
-82.1501112
-83.4852133
-74.1723667
-82.99879419999999
-81.86124439999999
-118.2436849
-118.2436849
-87.6947699
-70.9494938
-74.4773735
-82.32648089999999
-94.1288141
-84.3387489
-83.6324022
-85.1393513
-92.4451371
-85.1393513
-96.2416731
-76.14742439999999
-111.9260519
-102.0779146
-122.3320708
-90.6773046
-71.0588801
-83.4326841
-123.3283925
-122.2348432
-96.86458560000001
-97.7430608
-122.0307963
-92.586828
-82.73954540000001
-95.99277500000001
-84.2529869
-81.4065011
-114.9817213
-81.65565099999999
-95.99277500000001
-122.1153222
-86.5274419
-85.61219059999999
-104.8213634
-90.19940419999999
-90.4067086
-92.28959479999999
-75.83327179999999
-75.83327179999999
-95.98081789999999
-82.8670839
-95.9188889
-121.4943996
-81.7245739
-71.0588801
-114.0530065
-97.39638099999999
-118.3406288
-118.61481
-119.7674034
-111.9391031
-80.4742261
-77.6611022
-83.90073819999999
-116.5452921
-74.0059413
-82.6834453
-96.30500640000001
-81.3481745
-94.94271680000001
-117.867653
-81.7195533
-86.4808043
-81.6998327
-75.1652215
-99.3267702
-104.990251
-80.7898089
-117.9075627
-110.0298327
-100.4370375
-81.9498042
-108.5506486
-116.2146068
-108.1428669
-149.9002778
-110.926479
-117.1610838
-95.1182645
-117.1483648
-118.032844
-122.3916754
-86.6170308
-80.3582261
-111.7733902
-117.9143012
-121.7568946
-97.93643259999999
-73.9441579
-98.49362819999999
-94.5785667
-90.19940419999999
-78.898619
-74.1723667
-82.6834453
-86.08838949999999
-87.6297982
-87.6297982
-89.29033919999999
-110.926479
-112.3679279
-70.6180214
-87.6297982
-91.1403196
-82.99879419999999
-118.2436849
-81.3444573
-70.9494938
-95.2010447
-86.3997167
-82.663743
-94.5785667
-122.4442906
-110.926479
-93.1143407
-87.70253
-106.7636538
-90.1528519
-85.9766671
-97.92977429999999
-122.6764815
-81.9064705
-96.79698789999999
-95.3698028
-96.40030689999999
-80.4606225
-96.67055030000002
-75.2128996
-80.3414693
-86.10665259999999
-97.5920867
-80.1425781
-99.48032409999999
-114.5285981
-98.580361
-119.0187125
-83.8874084
-75.1652215
-76.6121893
-84.2829784
-117.9686755
-123.3170472
-118.2436849
-118.2436849
-122.7426008
-95.99277500000001
-81.4306457
-116.9719684
-98.1836216
-115.530267
-97.0855948
-86.6250139
-119.8138027
-94.17185420000001
-121.2907796
-88.07055559999999
-120.3601496
-76.9158068
-121.3153096
-82.7637127
-118.0275667
-81.58590989999999
-118.096735
-77.0368707
-91.67986189999999
-81.8603778
-121.0610606
-95.2860474
-87.8231138
-98.3025107
-76.0690036
-80.1917902
-87.2169149
-80.238888
-78.0195387
-83.8088171
-87.98895429999999
-84.5193754
-95.3698028
-96.67055030000002
-73.9441579
-73.9441579
-117.7499909
-84.5779957
-86.4641498
-85.83969789999999
-80.4934035
-81.1025918
-76.7625073
-104.9811468
-94.41550679999999
-106.6055534
-112.0740373
-90.19940419999999
-118.2436849
-88.3425424
-117.3272615
-75.1196199
-82.14009229999999
-93.7574724
-80.7350711
-157.9511111
-97.7430608
-74.0059413
-118.1937395
-87.6297982
-117.4260465
-84.5971524
-77.3860976
-85.1907904
-116.0541689
-121.6555013
-94.5702202
-96.79698789999999
-118.2436849
-87.3464271
-97.0328547
-90.322614
-82.32482619999999
-91.0377029
-115.3238828
-69.37560169999999
-79.9958864
-122.2566367
-81.6631659
-89.6501481
-90.2417434
-94.4446742
-90.0715323
-106.7636538
-76.3055144
-85.8349648
-90.0022958
-90.6476354
-76.5205199
-91.4984941
-102.8793222
-72.15938419999999
-117.867653
-95.89915859999999
-119.7725868
-120.9968782
-97.10806559999999
-117.2086513
-81.706484
-120.2357055
-101.3804447
-81.3444573
-79.2914306
-87.81367
-96.9488945
-83.7888387
-121.9885719
-84.3021672
-104.6091409
-81.65565099999999
-118.4911912
-87.20695409999999
-76.6121893
-80.7325287
-84.2946539
-98.2436625
-122.0637425
-122.6764815
-108.1511785
-122.6716063
-69.67776049999999
-69.67776049999999
-87.6297982
-79.7919754
-75.2340768
-82.3940104
-94.5785667
-85.7584557
-78.898619
-119.6981901
-83.9207392
-83.0457538
-82.99879419999999
-87.5286325
-85.7769238
-78.898619
-89.51814759999999
-121.0207614
-73.9441579
-98.49362819999999
-118.3089624
-122.9438195
-96.99778459999999
-95.99277500000001
-149.9663271
-79.1690315
-81.3578859
-74.0059413
-92.58155269999999
-110.926479
-94.84668099999999
-82.3878709
-112.0263313
-111.9738304
-104.8213634
-81.1025918
-97.7430608
-97.34503649999999
-96.7041988
-82.99879419999999
-119.8138027
-77.0368707
-75.9268747
-95.4343859
-121.2357828
-82.3525952
-121.1354141
-113.0051176
-82.29675809999999
-81.5356463
-89.9623372
-94.729097
-89.688221
-117.1661449
-112.0740373
-119.8138027
-74.17181099999999
-104.9877597
-119.7829107
-81.8552196
-118.3725116
-79.9752212
-117.3961564
-80.8431267
-117.9988026
-117.086421
-91.09693999999999
-117.8531007
-122.4786854
-81.5267873
-76.72802770000001
-74.1979458
-122.3570664
-105.0372046
-85.8054879
-122.0807964
-112.0740373
-83.01465259999999
-87.9064736
-78.87835849999999
-81.26367379999999
-89.1172883
-89.7403606
-121.8374777
-97.33005299999999
-116.2146068
-90.3331719
-80.40921809999999
-80.60771319999999
-81.3031179
-116.4394661
-114.202294
-83.6749145
-92.3745761
-89.5476204
-98.97923360000001
-118.2436849
-122.2977815
-80.0728201
-92.28959479999999
-149.4394444
-86.7888887
-88.4272627
-77.20360409999999
-86.87528689999999
-86.324253
-85.3096801
-90.00679160000001
-97.0500217
-75.5668166
-84.8966171
-74.511172
-91.81872849999999
-119.0187125
-122.286865
-85.8344383
-92.28959479999999
-82.92906959999999
-82.7873244
-102.1765463
-91.4984941
-117.6508876
-81.6943605
-95.3698028
-97.11420629999999
-72.7017741
-122.4345661
-100.8895761
-74.17181099999999
-90.1845388
-117.9298493
-80.76261520000001
-93.0738305
-79.2447608
-75.5397878
-97.5247243
-122.3320708
-98.49362819999999
-81.08066649999999
-112.1859866
-112.1859866
-121.6169108
-87.1761455
-84.5613355
-112.4685025
-97.72779589999999
-76.5913571
-123.3953424
-74.1723667
-97.3307658
-118.1170117
-83.819985
-81.65565099999999
-77.571382
-75.7163207
-103.2310149
-84.3879824
-122.3255254
-96.62277139999999
-155.2211111
-76.4730122
-105.9347424
-117.2054294
-83.0457538
-95.45605119999999
-96.9488945
-97.7430608
-121.8863286
-121.8863286
-84.59634319999999
-122.4194155
-95.8243956
-117.1610838
-115.1398296
-97.7430608
-85.0007653
-78.8783689
-121.302728
-73.19517669999999
-81.65565099999999
-105.0372046
-81.2362107
-83.1779746
-83.7411631
-122.6764815
-90.19940419999999
-116.8559394
-97.10806559999999
-108.5006904
-87.77633329999999
-92.3340724
-112.0740373
-77.4360481
-82.3534727
-117.2653146
-111.9400054
-93.693794
-81.3792365
-122.4194155
-118.2436849
-147.7163888
-90.19940419999999
-80.1917902
-78.7811169
-70.5141622
-117.3008784
-89.2600605
-87.6297982
-99.48032409999999
-112.3496021
-85.46690249999999
-80.1917902
-68.7904626
-122.6716063
-119.7725868
-90.19940419999999
-81.4959267
-118.1937395
-119.0187125
-75.1652215
-94.5146616
-95.99277500000001
-122.2284532
-92.0762891
-87.9064736
-96.6988856
-90.3284479
-70.83892190000002
-90.19940419999999
-122.3405305
-77.0469214
-89.35007139999999
-71.0345018
-120.0607176
-89.63147359999999
-118.1137535
-88.2314813
-147.7163888
-96.79698789999999
-115.1398296
-118.2120161
-86.8688899
-84.5327038
-97.30308579999999
-94.3546719
-95.0135582
-118.1164613
-118.3520389
-112.0740373
-88.3145093
-95.99277500000001
-122.2348432
-79.9748103
-115.1398296
-105.6752935
-118.2436849
-86.7816016
-86.158068
-84.5499327
-81.26367379999999
-104.990251
-105.0372046
-112.1859866
-105.084423
-76.28587259999999
-121.805789
-84.1988308
-89.9839935
-119.2844621
-93.6091064
-94.7874463
-82.1128641
-92.41929929999999
-84.5499327
-81.51062879999999
-78.3541685
-81.40816730000002
-87.6297982
-81.51900529999999
-77.154704
-92.99310539999999
-87.9064736
-115.1398296
-114.2230108
-97.5164276
-79.16559459999999
-109.8275815
-82.1575843
-112.3576567
-82.3940104
-93.2650108
-117.2296717
-97.10806559999999
-76.28587259999999
-77.9962512
-98.49362819999999
-86.5997096
-123.0220289
-109.291475
-121.2721718
-105.937799
-83.9508068
-94.36799599999999
-90.19940419999999
-112.4682271
-117.867653
-98.32529319999999
-71.9922867
-91.4984941
-121.8374777
-90.19940419999999
-77.4360481
-81.65565099999999
-112.0740373
-98.49362819999999
-84.1916069
-118.2436849
-93.055718
-117.3136544
-120.1290272
-120.3103494
-120.2601754
-74.0520717
-106.6055534
-116.5290116
-117.548661
-106.6055534
-120.8499151
-73.9441579
-97.1466695
-80.6072858
-121.6169108
-115.1398296
-93.34211649999999
-122.3477486
-80.343418
-84.1052256
-78.97308869999999
-119.7074096
-117.1610838
-88.7108964
-79.0419053
-122.7140548
-94.5785667
-74.012084
-94.4812434
-96.83139779999999
-87.60726799999999
-122.2348432
-118.2436849
-95.11465330000001
-75.1652215
-79.9976689
-83.54965659999999
-91.23958069999999
-111.8910474
-119.1372338
-104.8213634
-81.65565099999999
-83.9787808
-118.2436849
-86.3376761
-74.1854209
-81.65565099999999
-86.80082279999999
-88.03841949999999
-80.63396379999999
-90.19940419999999
-106.6055534
-118.2436849
-94.81912849999999
-83.4066132
-117.0314172
-74.2326478
-81.65565099999999
-83.1059865
-92.00319549999999
-108.2186856
-84.1688274
-83.92936809999999
-73.4085463
-97.34503649999999
-87.5710898
-85.76135359999999
-97.25473710000001
-80.1917902
-121.4943996
-119.0187125
-81.8723084
-73.2362261
-73.2453824
-116.977248
-122.9381672
-81.51900529999999
-78.8866943
-84.9877094
-83.55521200000001
-95.41716009999999
-87.5519628
-80.4069986
-118.2436849
-121.4943996
-101.8312969
-93.92770709999999
-112.3029362
-122.4442906
-87.6297982
-111.2833449
-85.2368219
-117.9893301
-114.2299486
-80.8584357
-77.6363806
-122.3570664
-121.8863286
-84.3879824
-122.6432244
-80.40425789999999
-85.6113501
-81.15092299999999
-95.0193728
-117.0841955
-89.5889864
-122.4442906
-96.4597089
-117.3794834
-81.2362107
-83.1779746
-83.7411631
-122.6764815
-90.19940419999999
-116.8559394
-75.1652215
-108.5006904
-87.77633329999999
-80.0942087
-88.0070315
-92.3340724
-114.0530065
-80.7797935
-112.0740373
-77.4360481
-118.1937395
-77.0368707
-111.5521925
-77.09098089999999
-69.8321003
-121.8746789
-88.41538469999999
-75.4901833
-93.693794
-81.3792365
-115.6911975
-112.1859866
-83.9207392
-81.378447
-118.2436849
-147.7163888
-107.8826751
-110.926479
-84.6343783
-80.1917902
-78.7811169
-70.5141622
-78.09555630000001
-111.8910474
-117.3008784
-104.8771726
-115.1398296
-81.6064866
-85.2504893
-89.2600605
-87.6297982
-99.48032409999999
-112.3496021
-81.8306621
-116.4697321
-80.1917902
-81.58590989999999
-98.49362819999999
-68.7904626
-122.6716063
-90.19940419999999
-76.5205184
-81.4959267
-118.1937395
-119.0187125
-75.1652215
-94.5146616
-87.8181128
-80.1917902
-122.2284532
-92.0762891
-87.9064736
-119.6120765
-96.6988856
-91.90627630000002
-90.3284479
-91.1403196
-122.3405305
-89.35007139999999
-89.63147359999999
-117.3703235
-120.0607176
-89.63147359999999
-121.805789
-118.1137535
-103.2310149
-122.3320708
-88.2314813
-147.7163888
-96.79698789999999
-115.1398296
-118.2120161
-86.8688899
-97.30308579999999
-94.3546719
-95.0135582
-118.1164613
-112.0740373
-95.99277500000001
-122.2348432
-79.9748103
-97.5164276
-112.0740373
-115.1398296
-105.6752935
-101.8312969
-86.7816016
-86.158068
-118.3089661
-84.5499327
-81.26367379999999
-104.990251
-105.0749801
-112.1859866
-89.28259249999999
-76.28587259999999
-117.4260465
-86.01335
-83.5960161
-108.7654801
-121.805789
-105.0158511
-84.1988308
-111.8721601
-119.2844621
-74.0059413
-93.6091064
-90.2334494
-94.7874463
-69.8797486
-86.5861037
-82.99879419999999
-122.8231915
-81.51062879999999
-81.40816730000002
-122.5210007
-81.51900529999999
-77.154704
-92.99310539999999
-87.9064736
-115.1398296
-94.9224637
-114.2230108
-120.6212821
-82.1575843
-112.3576567
-118.2436849
-106.7636538
-77.9962512
-121.2721718
-105.937799
-83.9508068
-94.36799599999999
-90.19940419999999
-98.32529319999999
-91.4984941
-90.0022958
-90.19940419999999
-77.4360481
-81.65565099999999
-112.3496021
-90.1964835
-112.0740373
-80.39727359999999
-84.1916069
-118.2436849
-93.055718
-120.2601754
-74.0520717
-94.5785667
-106.6055534
-117.548661
-106.6055534
-120.8499151
-73.9441579
-97.1466695
-119.2920585
-121.6169108
-115.1398296
-93.34211649999999
-122.3477486
-84.3879824
-80.343418
-78.97308869999999
-117.1610838
-88.7108964
-82.492132
-79.0419053
-82.2376489
-122.7140548
-87.3275828
-94.5785667
-74.012084
-97.33005299999999
-94.4812434
-96.83139779999999
-87.60726799999999
-87.52170679999999
-118.2436849
-75.1652215
-79.9976689
-91.23958069999999
-83.2477597
-111.8910474
-119.1372338
-104.8213634
-83.9787808
-118.2436849
-121.7680088
-86.3376761
-112.0740373
-74.1854209
-79.7544923
-81.65565099999999
-86.80082279999999
-92.6848876
-74.1371832
-81.6848188
-104.8352628
-88.03841949999999
-80.63396379999999
-90.19940419999999
-120.4359966
-118.2436849
-94.81912849999999
-83.4066132
-117.0314172
-74.2326478
-81.65565099999999
-83.1059865
-92.00319549999999
-84.1688274
-83.92936809999999
-73.4085463
-92.6983868
-97.25473710000001
-121.4943996
-81.8723084
-73.2453824
-116.977248
-122.9381672
-84.9877094
-95.41716009999999
-87.5519628
-80.4069986
-80.8431267
-118.2436849
-121.4943996
-101.8312969
-93.92770709999999
-124.0828396
-112.3029362
-80.84285040000002
-122.4442906
-96.6988856
-87.6297982
-111.2833449
-85.2368219
-114.2299486
-80.8584357
-77.6363806
-78.8866943
-80.14837899999999
-121.8863286
-118.2436849
-122.6432244
-80.40425789999999
-85.6113501
-80.5495112
-81.15092299999999
-92.6579295
-95.0193728
-117.0841955
-97.5164276
-89.5889864
-86.5861037
-104.990251
-96.4597089
-121.7680088
-86.3376761
-112.0740373
-79.7544923
-86.80082279999999
-74.1371832
-120.0607176
-88.03841949999999
-80.63396379999999
-89.30011739999999
-90.19940419999999
-106.6055534
-118.2436849
-117.0314172
-80.25659499999999
-83.1059865
-92.00319549999999
-108.2186856
-84.1688274
-83.92936809999999
-73.4085463
-87.5710898
-92.6983868
-80.1917902
-121.4943996
-119.0187125
-81.8723084
-73.2453824
-87.9064736
-122.9381672
-81.51900529999999
-78.8866943
-84.9877094
-83.55521200000001
-95.41716009999999
-80.4069986
-80.8431267
-118.2436849
-101.8312969
-93.92770709999999
-124.0828396
-112.3029362
-80.84285040000002
-122.4442906
-96.6988856
-87.6297982
-111.2833449
-85.2368219
-117.9893301
-114.2299486
-80.8584357
-77.6363806
-78.8866943
-122.3570664
-80.14837899999999
-121.8863286
-118.2436849
-122.6432244
-85.6113501
-80.5495112
-81.15092299999999
-92.6579295
-95.0193728
-117.0841955
-97.5164276
-89.5889864
-95.8691422
-117.9893301
-114.2299486
-77.6363806
-78.8866943
-80.14837899999999
-84.3879824
-118.2436849
-122.6432244
-80.40425789999999
-85.6113501
-81.15092299999999
-92.6579295
-95.0193728
-86.5861037
-95.8691422
-122.4442906
-104.990251
-96.4597089
-117.3794834
-89.5889864
-86.5861037
-95.8691422
-122.4442906
-96.4597089
-96.4597089
-117.3794834
